证券简称,ts_code,trade_date,close,pe_ttm,ps_ttm,dv_ttm,total_share,total_mv
双汇发展,000895.SZ,20230421,26.17,16.1309,1.449,7.2526,346466.1213,9067018.3944
双汇发展,000895.SZ,20230420,26.4,16.2727,1.4617,7.1894,346466.1213,9146705.6023
双汇发展,000895.SZ,20230419,26.34,16.2357,1.4584,7.2058,346466.1213,9125917.635
双汇发展,000895.SZ,20230418,26.65,16.4268,1.4755,7.122,346466.1213,9233322.1326
双汇发展,000895.SZ,20230417,26.02,16.0385,1.4407,7.2944,346466.1213,9015048.4762
双汇发展,000895.SZ,20230414,25.7,15.8412,1.4229,7.3852,346466.1213,8904179.3174
双汇发展,000895.SZ,20230413,25.78,15.8906,1.4274,7.3623,346466.1213,8931896.6071
双汇发展,000895.SZ,20230412,25.7,15.8412,1.4229,7.3852,346466.1213,8904179.3174
双汇发展,000895.SZ,20230411,25.96,16.0015,1.4373,7.3112,346466.1213,8994260.5089
双汇发展,000895.SZ,20230410,25.95,15.9953,1.4368,7.3141,346466.1213,8990795.8477
双汇发展,000895.SZ,20230407,26.08,16.0755,1.444,7.2776,346466.1213,9035836.4435
双汇发展,000895.SZ,20230406,26.25,16.1803,1.4534,7.2305,346466.1213,9094735.6841
双汇发展,000895.SZ,20230404,26.11,16.094,1.4456,7.2692,346466.1213,9046230.4271
双汇发展,000895.SZ,20230403,25.98,16.0138,1.4384,7.3056,346466.1213,9001189.8314
双汇发展,000895.SZ,20230331,25.94,15.9892,1.4362,7.3169,346466.1213,8987331.1865
双汇发展,000895.SZ,20230330,25.69,15.8351,1.4224,7.3881,346466.1213,8900714.6562
双汇发展,000895.SZ,20230329,25.69,15.8351,1.4224,7.3881,346466.1213,8900714.6562
双汇发展,000895.SZ,20230328,25.49,16.1194,1.4656,7.4461,346466.1213,8831421.4319
双汇发展,000895.SZ,20230327,25.35,16.0308,1.4576,7.4872,346466.1213,8782916.175
双汇发展,000895.SZ,20230324,25.38,16.0498,1.4593,7.4783,346466.1213,8793310.1586
双汇发展,000895.SZ,20230323,25.3,15.9992,1.4547,7.502,346466.1213,8765592.8689
双汇发展,000895.SZ,20230322,25.19,15.9297,1.4484,7.5347,346466.1213,8727481.5955
双汇发展,000895.SZ,20230321,25.21,15.9423,1.4495,7.5288,346466.1213,8734410.918
双汇发展,000895.SZ,20230320,24.8,15.683,1.4259,7.6532,346466.1213,8592359.8082
双汇发展,000895.SZ,20230317,25.19,15.9297,1.4484,7.5347,346466.1213,8727481.5955
双汇发展,000895.SZ,20230316,25.3,15.9992,1.4547,7.502,346466.1213,8765592.8689
双汇发展,000895.SZ,20230315,25.58,16.1763,1.4708,7.4199,346466.1213,8862603.3829
双汇发展,000895.SZ,20230314,25.51,16.132,1.4668,7.4402,346466.1213,8838350.7544
双汇发展,000895.SZ,20230313,25.6,16.1889,1.4719,7.4141,346466.1213,8869532.7053
双汇发展,000895.SZ,20230310,25.35,16.0308,1.4576,7.4872,346466.1213,8782916.175
双汇发展,000895.SZ,20230309,25.61,16.1953,1.4725,7.4112,346466.1213,8872997.3665
双汇发展,000895.SZ,20230308,25.8,16.3154,1.4834,7.3566,346466.1213,8938825.9295
双汇发展,000895.SZ,20230307,25.92,16.3913,1.4903,7.3225,346466.1213,8980401.8641
双汇发展,000895.SZ,20230306,26.59,16.815,1.5289,7.138,346466.1213,9212534.1654
双汇发展,000895.SZ,20230303,26.58,16.8087,1.5283,7.1407,346466.1213,9209069.5042
双汇发展,000895.SZ,20230302,26.66,16.8593,1.5329,7.1193,346466.1213,9236786.7939
双汇发展,000895.SZ,20230301,26.84,16.9731,1.5432,7.0715,346466.1213,9299150.6957
双汇发展,000895.SZ,20230228,26.48,16.7454,1.5225,7.1677,346466.1213,9174422.892
双汇发展,000895.SZ,20230227,26.5,16.7581,1.5237,7.1623,346466.1213,9181352.2145
双汇发展,000895.SZ,20230224,26.56,16.796,1.5271,7.1461,346466.1213,9202140.1817
双汇发展,000895.SZ,20230223,26.77,16.9288,1.5392,7.09,346466.1213,9274898.0672
双汇发展,000895.SZ,20230222,26.73,16.9035,1.5369,7.1006,346466.1213,9261039.4223
双汇发展,000895.SZ,20230221,26.71,16.8909,1.5358,7.106,346466.1213,9254110.0999
双汇发展,000895.SZ,20230220,26.42,16.7075,1.5191,7.184,346466.1213,9153634.9247
双汇发展,000895.SZ,20230217,25.99,16.4356,1.4944,7.3028,346466.1213,9004654.4926
双汇发展,000895.SZ,20230216,25.88,16.366,1.488,7.3338,346466.1213,8966543.2192
双汇发展,000895.SZ,20230215,26.17,16.5494,1.5047,7.2526,346466.1213,9067018.3944
双汇发展,000895.SZ,20230214,26.18,16.5557,1.5053,7.2498,346466.1213,9070483.0556
双汇发展,000895.SZ,20230213,25.73,16.2711,1.4794,7.3766,346466.1213,8914573.301
双汇发展,000895.SZ,20230210,25.29,15.9929,1.4541,7.5049,346466.1213,8762128.2077
双汇发展,000895.SZ,20230209,25.19,15.9297,1.4484,7.5347,346466.1213,8727481.5955
双汇发展,000895.SZ,20230208,25.08,15.8601,1.442,7.5678,346466.1213,8689370.3222
双汇发展,000895.SZ,20230207,25.21,15.9423,1.4495,7.5288,346466.1213,8734410.918
双汇发展,000895.SZ,20230206,25.16,15.9107,1.4466,7.5437,346466.1213,8717087.6119
双汇发展,000895.SZ,20230203,25.5,16.1257,1.4662,7.4431,346466.1213,8834886.0932
双汇发展,000895.SZ,20230202,25.93,16.3976,1.4909,7.3197,346466.1213,8983866.5253
双汇发展,000895.SZ,20230201,25.82,16.3281,1.4846,7.3509,346466.1213,8945755.252
双汇发展,000895.SZ,20230131,25.5,16.1257,1.4662,7.4431,346466.1213,8834886.0932
双汇发展,000895.SZ,20230130,25.68,16.2395,1.4765,7.391,346466.1213,8897249.995
双汇发展,000895.SZ,20230120,25.6,16.1889,1.4719,7.4141,346466.1213,8869532.7053
双汇发展,000895.SZ,20230119,25.67,16.2332,1.476,7.3938,346466.1213,8893785.3338
双汇发展,000895.SZ,20230118,25.6,16.1889,1.4719,7.4141,346466.1213,8869532.7053
双汇发展,000895.SZ,20230117,25.88,16.366,1.488,7.3338,346466.1213,8966543.2192
双汇发展,000895.SZ,20230116,26.22,16.581,1.5076,7.2387,346466.1213,9084341.7005
双汇发展,000895.SZ,20230113,25.81,16.3217,1.484,7.3537,346466.1213,8942290.5908
双汇发展,000895.SZ,20230112,25.17,15.917,1.4472,7.5407,346466.1213,8720552.2731
双汇发展,000895.SZ,20230111,25.31,16.0055,1.4553,7.499,346466.1213,8769057.5301
双汇发展,000895.SZ,20230110,25.63,16.2079,1.4737,7.4054,346466.1213,8879926.6889
双汇发展,000895.SZ,20230109,25.69,16.2458,1.4771,7.3881,346466.1213,8900714.6562
双汇发展,000895.SZ,20230106,25.66,16.2269,1.4754,7.3967,346466.1213,8890320.6726
双汇发展,000895.SZ,20230105,25.83,16.3344,1.4852,7.348,346466.1213,8949219.9132
双汇发展,000895.SZ,20230104,25.65,16.2206,1.4748,7.3996,346466.1213,8886856.0113
双汇发展,000895.SZ,20230103,25.71,16.2585,1.4783,7.3823,346466.1213,8907643.9786
双汇发展,000895.SZ,20221230,25.93,16.3976,1.4909,7.3197,346466.1213,8983866.5253
双汇发展,000895.SZ,20221229,25.45,16.0941,1.4633,7.4578,346466.1213,8817562.7871
双汇发展,000895.SZ,20221228,25.47,16.1067,1.4645,7.4519,346466.1213,8824492.1095
双汇发展,000895.SZ,20221227,25.67,16.2332,1.476,7.3938,346466.1213,8893785.3338
双汇发展,000895.SZ,20221226,25.41,16.0688,1.461,7.4695,346466.1213,8803704.1422
双汇发展,000895.SZ,20221223,25.22,15.9486,1.4501,7.5258,346466.1213,8737875.5792
双汇发展,000895.SZ,20221222,25.3,15.9992,1.4547,7.502,346466.1213,8765592.8689
双汇发展,000895.SZ,20221221,24.93,15.7652,1.4334,7.6133,346466.1213,8637400.404
双汇发展,000895.SZ,20221220,24.75,15.6514,1.4231,7.6687,346466.1213,8575036.5022
双汇发展,000895.SZ,20221219,25.13,15.8917,1.4449,7.5527,346466.1213,8706693.6283
双汇发展,000895.SZ,20221216,25.59,16.1826,1.4714,7.417,346466.1213,8866068.0441
双汇发展,000895.SZ,20221215,25.42,16.0751,1.4616,7.4666,346466.1213,8807168.8034
双汇发展,000895.SZ,20221214,25.93,16.3976,1.4909,7.3197,346466.1213,8983866.5253
双汇发展,000895.SZ,20221213,25.74,16.2775,1.48,7.3737,346466.1213,8918037.9623
双汇发展,000895.SZ,20221212,25.47,16.1067,1.4645,7.4519,346466.1213,8824492.1095
双汇发展,000895.SZ,20221209,25.66,16.2269,1.4754,7.3967,346466.1213,8890320.6726
双汇发展,000895.SZ,20221208,25.65,16.2206,1.4748,7.3996,346466.1213,8886856.0113
双汇发展,000895.SZ,20221207,26.15,16.5367,1.5036,7.2581,346466.1213,9060089.072
双汇发展,000895.SZ,20221206,26.1,16.5051,1.5007,7.272,346466.1213,9042765.7659
双汇发展,000895.SZ,20221205,25.7,16.2522,1.4777,7.3852,346466.1213,8904179.3174
双汇发展,000895.SZ,20221202,25.69,16.2458,1.4771,7.3881,346466.1213,8900714.6562
双汇发展,000895.SZ,20221201,25.77,16.2964,1.4817,7.3652,346466.1213,8928431.9459
双汇发展,000895.SZ,20221130,25.26,15.9739,1.4524,7.5139,346466.1213,8751734.224
双汇发展,000895.SZ,20221129,25.4,16.0625,1.4604,7.4724,346466.1213,8800239.481
双汇发展,000895.SZ,20221128,25.0,15.8095,1.4374,7.592,346466.1213,8661653.0325
双汇发展,000895.SZ,20221125,25.46,16.1004,1.4639,7.4548,346466.1213,8821027.4483
双汇发展,000895.SZ,20221124,25.3,15.9992,1.4547,7.502,346466.1213,8765592.8689
双汇发展,000895.SZ,20221123,25.12,15.8854,1.4443,7.5557,346466.1213,8703228.9671
双汇发展,000895.SZ,20221122,24.94,15.7716,1.434,7.6103,346466.1213,8640865.0652
双汇发展,000895.SZ,20221121,25.25,15.9676,1.4518,7.5168,346466.1213,8748269.5628
双汇发展,000895.SZ,20221118,25.1,15.8727,1.4432,7.5618,346466.1213,8696299.6446
双汇发展,000895.SZ,20221117,25.39,16.0561,1.4599,7.4754,346466.1213,8796774.8198
双汇发展,000895.SZ,20221116,24.98,15.7969,1.4363,7.5981,346466.1213,8654723.7101
双汇发展,000895.SZ,20221115,25.12,15.8854,1.4443,7.5557,346466.1213,8703228.9671
双汇发展,000895.SZ,20221114,24.82,15.6957,1.4271,7.6471,346466.1213,8599289.1307
双汇发展,000895.SZ,20221111,24.75,15.6514,1.4231,7.6687,346466.1213,8575036.5022
双汇发展,000895.SZ,20221110,24.3,15.3668,1.3972,7.8107,346466.1213,8419126.7476
双汇发展,000895.SZ,20221109,24.09,15.234,1.3851,7.8788,346466.1213,8346368.8621
双汇发展,000895.SZ,20221108,24.26,15.3415,1.3949,7.8236,346466.1213,8405268.1027
双汇发展,000895.SZ,20221107,24.51,15.4996,1.4093,7.7438,346466.1213,8491884.6331
双汇发展,000895.SZ,20221104,24.43,15.449,1.4047,7.7691,346466.1213,8464167.3434
双汇发展,000895.SZ,20221103,23.9,15.1139,1.3742,7.9414,346466.1213,8280540.2991
双汇发展,000895.SZ,20221102,24.18,15.291,1.3903,7.8495,346466.1213,8377550.813
双汇发展,000895.SZ,20221101,23.88,15.1012,1.373,7.9481,346466.1213,8273610.9766
双汇发展,000895.SZ,20221031,22.78,14.4056,1.3098,8.3319,346466.1213,7892498.2432
双汇发展,000895.SZ,20221028,23.12,14.6206,1.3293,8.2093,346466.1213,8010296.7245
双汇发展,000895.SZ,20221027,24.08,15.2277,1.3845,7.8821,346466.1213,8342904.2009
双汇发展,000895.SZ,20221026,24.42,15.4427,1.4041,7.7723,346466.1213,8460702.6821
双汇发展,000895.SZ,20221025,24.56,16.8192,1.4243,7.728,346466.1213,8509207.9391
双汇发展,000895.SZ,20221024,23.79,16.2919,1.3797,7.9781,346466.1213,8242429.0257
双汇发展,000895.SZ,20221021,24.73,16.9356,1.4342,7.6749,346466.1213,8568107.1797
双汇发展,000895.SZ,20221020,24.81,16.9904,1.4388,7.6501,346466.1213,8595824.4695
双汇发展,000895.SZ,20221019,24.54,16.8055,1.4232,7.7343,346466.1213,8502278.6167
双汇发展,000895.SZ,20221018,25.02,17.1342,1.451,7.5859,346466.1213,8668582.3549
双汇发展,000895.SZ,20221017,25.02,17.1342,1.451,7.5859,346466.1213,8668582.3549
双汇发展,000895.SZ,20221014,25.19,17.2506,1.4608,7.5347,346466.1213,8727481.5955
双汇发展,000895.SZ,20221013,24.79,16.9767,1.4377,7.6563,346466.1213,8588895.147
双汇发展,000895.SZ,20221012,24.33,16.6617,1.411,7.8011,346466.1213,8429520.7312
双汇发展,000895.SZ,20221011,24.17,16.5521,1.4017,7.8527,346466.1213,8374086.1518
双汇发展,000895.SZ,20221010,24.39,16.7028,1.4145,7.7819,346466.1213,8450308.6985
双汇发展,000895.SZ,20220930,24.46,16.7507,1.4185,7.7596,346466.1213,8474561.327
双汇发展,000895.SZ,20220929,24.19,16.5658,1.4029,7.8462,346466.1213,8381015.4742
双汇发展,000895.SZ,20220928,24.13,16.5247,1.3994,7.8657,346466.1213,8360227.507
双汇发展,000895.SZ,20220927,24.4,16.7096,1.415,7.7787,346466.1213,8453773.3597
双汇发展,000895.SZ,20220926,23.6,16.1618,1.3686,8.0424,346466.1213,8176600.4627
双汇发展,000895.SZ,20220923,23.7,16.2303,1.3744,8.0084,346466.1213,8211247.0748
双汇发展,000895.SZ,20220922,23.81,16.3056,1.3808,7.9714,346466.1213,8249358.3482
双汇发展,000895.SZ,20220921,24.24,16.6001,1.4058,7.83,346466.1213,8398338.7803
双汇发展,000895.SZ,20220920,24.75,16.9493,1.4353,7.6687,346466.1213,8575036.5022
双汇发展,000895.SZ,20220919,24.89,17.0452,1.4435,7.6256,346466.1213,8623541.7592
双汇发展,000895.SZ,20220916,24.71,16.9219,1.433,7.6811,346466.1213,8561177.8573
双汇发展,000895.SZ,20220915,25.41,17.4013,1.4736,7.4695,346466.1213,8803704.1422
双汇发展,000895.SZ,20220914,26.01,17.8122,1.5084,4.9904,346466.1213,9011583.815
双汇发展,000895.SZ,20220913,26.05,17.8396,1.5107,4.9827,346466.1213,9025442.4599
双汇发展,000895.SZ,20220909,25.88,17.7232,1.5009,5.0155,346466.1213,8966543.2192
双汇发展,000895.SZ,20220908,25.58,17.5177,1.4835,5.0743,346466.1213,8862603.3829
双汇发展,000895.SZ,20220907,25.69,17.5931,1.4898,5.0525,346466.1213,8900714.6562
双汇发展,000895.SZ,20220906,26.15,17.9081,1.5165,4.9637,346466.1213,9060089.072
双汇发展,000895.SZ,20220905,25.93,17.7574,1.5038,5.0058,346466.1213,8983866.5253
双汇发展,000895.SZ,20220902,26.38,18.0656,1.5299,4.9204,346466.1213,9139776.2799
双汇发展,000895.SZ,20220901,26.54,18.1751,1.5391,4.8907,346466.1213,9195210.8593
双汇发展,000895.SZ,20220831,26.81,18.3601,1.5548,4.8415,346466.1213,9288756.7121
双汇发展,000895.SZ,20220830,26.69,18.2779,1.5478,4.8632,346466.1213,9247180.7775
双汇发展,000895.SZ,20220829,26.45,18.1135,1.5339,4.9074,346466.1213,9164028.9084
双汇发展,000895.SZ,20220826,26.8,18.3532,1.5542,4.8433,346466.1213,9285292.0508
双汇发展,000895.SZ,20220825,26.67,18.2642,1.5467,4.8669,346466.1213,9240251.4551
双汇发展,000895.SZ,20220824,26.38,18.0656,1.5299,4.9204,346466.1213,9139776.2799
双汇发展,000895.SZ,20220823,26.0,17.8053,1.5078,4.9923,346466.1213,9008119.1538
双汇发展,000895.SZ,20220822,26.27,17.9902,1.5235,4.941,346466.1213,9101665.0066
双汇发展,000895.SZ,20220819,26.21,17.9492,1.52,4.9523,346466.1213,9080877.0393
双汇发展,000895.SZ,20220818,26.2,17.9423,1.5194,4.9542,346466.1213,9077412.3781
双汇发展,000895.SZ,20220817,26.66,18.2573,1.5461,4.8687,346466.1213,9236786.7939
双汇发展,000895.SZ,20220816,26.89,19.0703,1.4988,4.8271,346466.1213,9316474.0018
双汇发展,000895.SZ,20220815,26.83,19.0278,1.4954,4.8379,346466.1213,9295686.0345
双汇发展,000895.SZ,20220812,26.8,19.0065,1.4938,4.8433,346466.1213,9285292.0508
双汇发展,000895.SZ,20220811,26.53,18.815,1.4787,4.8926,346466.1213,9191746.1981
双汇发展,000895.SZ,20220810,25.97,18.4179,1.4475,4.9981,346466.1213,8997725.1702
双汇发展,000895.SZ,20220809,26.36,18.6945,1.4692,4.9241,346466.1213,9132846.9575
双汇发展,000895.SZ,20220808,26.81,19.0136,1.4943,4.8415,346466.1213,9288756.7121
双汇发展,000895.SZ,20220805,26.7,18.9356,1.4882,4.8614,346466.1213,9250645.4387
双汇发展,000895.SZ,20220804,25.85,18.3328,1.4408,5.0213,346466.1213,8956149.2356
双汇发展,000895.SZ,20220803,25.33,17.964,1.4118,5.1244,346466.1213,8775986.8525
双汇发展,000895.SZ,20220802,25.64,18.1838,1.4291,5.0624,346466.1213,8883391.3501
双汇发展,000895.SZ,20220801,26.51,18.8008,1.4776,4.8963,346466.1213,9184816.8757
双汇发展,000895.SZ,20220729,26.83,19.0278,1.4954,4.8379,346466.1213,9295686.0345
双汇发展,000895.SZ,20220728,26.57,18.8434,1.481,4.8852,346466.1213,9205604.8429
双汇发展,000895.SZ,20220727,26.32,18.6661,1.467,4.9316,346466.1213,9118988.3126
双汇发展,000895.SZ,20220726,26.45,18.7583,1.4743,4.9074,346466.1213,9164028.9084
双汇发展,000895.SZ,20220725,26.46,18.7654,1.4748,4.9055,346466.1213,9167493.5696
双汇发展,000895.SZ,20220722,26.41,18.7299,1.472,4.9148,346466.1213,9150170.2635
双汇发展,000895.SZ,20220721,26.85,19.042,1.4966,4.8343,346466.1213,9302615.3569
双汇发展,000895.SZ,20220720,27.21,19.2973,1.5166,4.7703,346466.1213,9427343.1606
双汇发展,000895.SZ,20220719,27.0,19.1483,1.5049,4.8074,346466.1213,9354585.2751
双汇发展,000895.SZ,20220718,27.16,19.2618,1.5138,4.7791,346466.1213,9410019.8545
双汇发展,000895.SZ,20220715,27.11,19.2264,1.5111,4.7879,346466.1213,9392696.5484
双汇发展,000895.SZ,20220714,27.32,19.3753,1.5228,4.7511,346466.1213,9465454.4339
双汇发展,000895.SZ,20220713,27.88,19.7724,1.554,4.6557,346466.1213,9659475.4618
双汇发展,000895.SZ,20220712,28.09,19.9214,1.5657,4.6209,346466.1213,9732233.3473
双汇发展,000895.SZ,20220711,28.18,19.9852,1.5707,4.6061,346466.1213,9763415.2982
双汇发展,000895.SZ,20220708,28.4,20.1412,1.583,4.5704,346466.1213,9839637.8449
双汇发展,000895.SZ,20220707,28.56,20.2547,1.5919,4.5448,346466.1213,9895072.4243
双汇发展,000895.SZ,20220706,28.95,20.5313,1.6136,4.4836,346466.1213,10030194.2116
双汇发展,000895.SZ,20220705,29.82,21.1483,1.6621,4.3528,346466.1213,10331619.7372
双汇发展,000895.SZ,20220704,30.36,21.5313,1.6922,4.2754,346466.1213,10518711.4427
双汇发展,000895.SZ,20220701,29.29,20.7724,1.6326,4.4315,346466.1213,10147992.6929
双汇发展,000895.SZ,20220630,29.3,20.7795,1.6331,4.43,346466.1213,10151457.3541
双汇发展,000895.SZ,20220629,28.64,20.3114,1.5963,4.5321,346466.1213,9922789.714
双汇发展,000895.SZ,20220628,29.14,20.666,1.6242,4.4544,346466.1213,10096022.7747
双汇发展,000895.SZ,20220627,29.48,20.9072,1.6432,4.403,346466.1213,10213821.2559
双汇发展,000895.SZ,20220624,29.2,20.7086,1.6275,4.4452,346466.1213,10116810.742
双汇发展,000895.SZ,20220623,28.97,20.5455,1.6147,4.4805,346466.1213,10037123.5341
双汇发展,000895.SZ,20220622,28.99,20.5597,1.6158,4.4774,346466.1213,10044052.8565
双汇发展,000895.SZ,20220621,29.14,20.666,1.6242,4.4544,346466.1213,10096022.7747
双汇发展,000895.SZ,20220620,29.42,20.8646,1.6398,4.412,346466.1213,10193033.2886
双汇发展,000895.SZ,20220617,29.9,21.205,1.6666,4.3411,346466.1213,10359337.0269
双汇发展,000895.SZ,20220616,29.64,21.0206,1.6521,4.3792,346466.1213,10269255.8353
双汇发展,000895.SZ,20220615,28.73,20.3753,1.6013,4.5179,346466.1213,9953971.6649
双汇发展,000895.SZ,20220614,28.8,20.4249,1.6052,4.5069,346466.1213,9978224.2934
双汇发展,000895.SZ,20220613,28.32,20.0845,1.5785,4.5833,346466.1213,9811920.5552
双汇发展,000895.SZ,20220610,27.8,19.7157,1.5495,4.6691,346466.1213,9631758.1721
双汇发展,000895.SZ,20220609,27.37,19.4108,1.5255,4.7424,346466.1213,9482777.74
双汇发展,000895.SZ,20220608,27.31,19.3682,1.5222,4.7528,346466.1213,9461989.7727
双汇发展,000895.SZ,20220607,26.95,19.1129,1.5021,4.8163,346466.1213,9337261.969
双汇发展,000895.SZ,20220606,26.67,18.9143,1.4865,4.8669,346466.1213,9240251.4551
双汇发展,000895.SZ,20220602,26.81,19.0136,1.4943,4.8415,346466.1213,9288756.7121
双汇发展,000895.SZ,20220601,27.36,19.4037,1.525,4.7442,346466.1213,9479313.0788
双汇发展,000895.SZ,20220531,28.34,20.0987,1.5796,4.5801,346466.1213,9818849.8776
双汇发展,000895.SZ,20220530,28.19,19.9923,1.5712,4.6045,346466.1213,9766879.9594
双汇发展,000895.SZ,20220527,28.9,20.4958,1.6108,4.4913,346466.1213,10012870.9056
双汇发展,000895.SZ,20220526,29.21,20.7157,1.6281,4.4437,346466.1213,10120275.4032
双汇发展,000895.SZ,20220525,29.5,20.9213,1.6443,4.4,346466.1213,10220750.5784
双汇发展,000895.SZ,20220524,29.03,20.588,1.6181,4.4712,346466.1213,10057911.5013
双汇发展,000895.SZ,20220523,28.95,20.5313,1.6136,4.4836,346466.1213,10030194.2116
双汇发展,000895.SZ,20220520,29.08,20.6235,1.6209,10.2407,346466.1213,10075234.8074
双汇发展,000895.SZ,20220519,29.31,20.7866,1.6337,10.1604,346466.1213,10154922.0153
双汇发展,000895.SZ,20220518,29.2,20.7086,1.6275,10.1986,346466.1213,10116810.742
双汇发展,000895.SZ,20220517,29.59,20.9852,1.6493,10.0642,346466.1213,10251932.5293
双汇发展,000895.SZ,20220516,29.8,21.1341,1.661,9.9933,346466.1213,10324690.4147
双汇发展,000895.SZ,20220513,30.17,21.3965,1.6816,9.8707,346466.1213,10452882.8796
双汇发展,000895.SZ,20220512,30.2,21.4178,1.6833,9.8609,346466.1213,10463276.8633
双汇发展,000895.SZ,20220511,30.68,21.7582,1.71,9.7066,346466.1213,10629580.6015
双汇发展,000895.SZ,20220510,31.5,22.3397,1.7557,9.454,346466.1213,10913682.821
双汇发展,000895.SZ,20220509,32.04,22.7227,1.7858,9.2946,346466.1213,11100774.5265
双汇发展,000895.SZ,20220506,30.63,21.7227,1.7072,9.7225,346466.1213,10612257.2954
双汇发展,000895.SZ,20220505,29.76,21.1057,1.6588,10.0067,346466.1213,10310831.7699
双汇发展,000895.SZ,20220429,29.75,21.0986,1.6582,10.0101,346466.1213,10307367.1087
双汇发展,000895.SZ,20220428,31.79,22.5454,1.7719,5.2847,346466.1213,11014157.9961
双汇发展,000895.SZ,20220427,31.95,22.6589,1.7808,5.2582,346466.1213,11069592.5755
双汇发展,000895.SZ,20220426,31.11,22.151,1.6164,5.4002,346466.1213,10778561.0336
双汇发展,000895.SZ,20220425,31.36,22.329,1.6294,5.3571,346466.1213,10865177.564
双汇发展,000895.SZ,20220422,31.49,22.4216,1.6362,5.335,346466.1213,10910218.1597
双汇发展,000895.SZ,20220421,31.59,22.4928,1.6413,5.3181,346466.1213,10944864.7719
双汇发展,000895.SZ,20220420,31.9,22.7135,1.6575,5.2665,346466.1213,11052269.2695
双汇发展,000895.SZ,20220419,31.25,22.2507,1.6237,5.376,346466.1213,10827066.2906
双汇发展,000895.SZ,20220418,31.87,22.6922,1.6559,5.2714,346466.1213,11041875.2858
双汇发展,000895.SZ,20220415,30.97,22.0514,1.6091,5.4246,346466.1213,10730055.7767
双汇发展,000895.SZ,20220414,29.74,21.1756,1.5452,5.649,346466.1213,10303902.4475
双汇发展,000895.SZ,20220413,28.9,20.5775,1.5016,5.8131,346466.1213,10012870.9056
双汇发展,000895.SZ,20220412,29.11,20.727,1.5125,5.7712,346466.1213,10085628.791
双汇发展,000895.SZ,20220411,28.78,20.492,1.4953,5.8374,346466.1213,9971294.971
双汇发展,000895.SZ,20220408,28.0,19.9366,1.4548,6.0,346466.1213,9701051.3964
双汇发展,000895.SZ,20220407,28.3,20.1503,1.4704,5.9364,346466.1213,9804991.2328
双汇发展,000895.SZ,20220406,28.9,20.5775,1.5016,5.8131,346466.1213,10012870.9056
双汇发展,000895.SZ,20220401,29.22,20.8053,1.5182,5.7495,346466.1213,10123740.0644
双汇发展,000895.SZ,20220331,29.06,20.6914,1.5099,5.7811,346466.1213,10068305.485
双汇发展,000895.SZ,20220330,28.93,20.5988,1.5031,5.8071,346466.1213,10023264.8892
双汇发展,000895.SZ,20220329,28.51,20.2998,1.4813,5.8927,346466.1213,9877749.1183
双汇发展,000895.SZ,20220328,26.7,19.393,1.3388,6.2921,346466.1213,9250645.4387
双汇发展,000895.SZ,20220325,26.51,19.255,1.3293,6.3372,346466.1213,9184816.8757
双汇发展,000895.SZ,20220324,26.31,19.1097,1.3193,6.3854,346466.1213,9115523.6514
双汇发展,000895.SZ,20220323,26.65,19.3567,1.3363,6.3039,346466.1213,9233322.1326
双汇发展,000895.SZ,20220322,26.87,19.5165,1.3474,6.2523,346466.1213,9309544.6793
双汇发展,000895.SZ,20220321,26.43,19.1969,1.3253,6.3564,346466.1213,9157099.586
双汇发展,000895.SZ,20220318,25.9,18.8119,1.2987,6.4865,346466.1213,8973472.5417
双汇发展,000895.SZ,20220317,25.98,18.8701,1.3027,6.4665,346466.1213,9001189.8314
双汇发展,000895.SZ,20220316,25.23,18.3253,1.2651,6.6587,346466.1213,8741340.2404
双汇发展,000895.SZ,20220315,25.13,18.2527,1.2601,6.6852,346466.1213,8706693.6283
双汇发展,000895.SZ,20220314,27.92,20.2791,1.4,6.0172,346466.1213,9673334.1067
双汇发展,000895.SZ,20220311,28.3,20.5551,1.4191,5.9364,346466.1213,9804991.2328
双汇发展,000895.SZ,20220310,27.57,20.0249,1.3825,6.0936,346466.1213,9552070.9642
双汇发展,000895.SZ,20220309,27.26,19.7998,1.3669,6.1629,346466.1213,9444666.4666
双汇发展,000895.SZ,20220308,27.56,20.0177,1.382,6.0958,346466.1213,9548606.303
双汇发展,000895.SZ,20220307,28.5,20.7004,1.4291,5.8947,346466.1213,9874284.4571
双汇发展,000895.SZ,20220304,29.6,21.4994,1.4843,5.6757,346466.1213,10255397.1905
双汇发展,000895.SZ,20220303,29.44,21.3832,1.4762,5.7065,346466.1213,10199962.6111
双汇发展,000895.SZ,20220302,29.27,21.2597,1.4677,5.7397,346466.1213,10141063.3705
双汇发展,000895.SZ,20220301,29.36,21.3251,1.4722,5.7221,346466.1213,10172245.3214
双汇发展,000895.SZ,20220228,28.8,20.9183,1.4441,5.8333,346466.1213,9978224.2934
双汇发展,000895.SZ,20220225,28.49,20.6931,1.4286,5.8968,346466.1213,9870819.7958
双汇发展,000895.SZ,20220224,28.31,20.5624,1.4196,5.9343,346466.1213,9808455.894
双汇发展,000895.SZ,20220223,29.41,21.3614,1.4747,5.7123,346466.1213,10189568.6274
双汇发展,000895.SZ,20220222,29.64,21.5284,1.4863,5.668,346466.1213,10269255.8353
双汇发展,000895.SZ,20220221,30.04,21.819,1.5063,5.5925,346466.1213,10407842.2839
双汇发展,000895.SZ,20220218,29.9,21.7173,1.4993,5.6187,346466.1213,10359337.0269
双汇发展,000895.SZ,20220217,30.29,22.0005,1.5189,5.5464,346466.1213,10494458.8142
双汇发展,000895.SZ,20220216,30.09,21.8553,1.5088,5.5833,346466.1213,10425165.5899
双汇发展,000895.SZ,20220215,30.51,22.1603,1.5299,5.5064,346466.1213,10570681.3609
双汇发展,000895.SZ,20220214,30.88,22.4291,1.5484,5.4404,346466.1213,10698873.8257
双汇发展,000895.SZ,20220211,30.77,22.3492,1.5429,5.4599,346466.1213,10660762.5524
双汇发展,000895.SZ,20220210,31.71,23.0319,1.5901,5.298,346466.1213,10986440.7064
双汇发展,000895.SZ,20220209,31.27,22.7123,1.568,5.3726,346466.1213,10833995.6131
双汇发展,000895.SZ,20220208,30.94,22.4727,1.5515,5.4299,346466.1213,10719661.793
双汇发展,000895.SZ,20220207,30.63,22.2475,1.5359,5.4848,346466.1213,10612257.2954
双汇发展,000895.SZ,20220128,29.8,21.6446,1.4943,5.6376,346466.1213,10324690.4147
双汇发展,000895.SZ,20220127,30.0,21.7899,1.5043,5.6,346466.1213,10393983.639
双汇发展,000895.SZ,20220126,30.88,22.4291,1.5484,5.4404,346466.1213,10698873.8257
双汇发展,000895.SZ,20220125,30.64,22.2548,1.5364,5.483,346466.1213,10615721.9566
双汇发展,000895.SZ,20220124,31.48,22.8649,1.5785,5.3367,346466.1213,10906753.4985
双汇发展,000895.SZ,20220121,31.41,22.814,1.575,5.3486,346466.1213,10882500.87
双汇发展,000895.SZ,20220120,31.66,22.9956,1.5876,5.3064,346466.1213,10969117.4004
双汇发展,000895.SZ,20220119,31.6,22.952,1.5846,5.3165,346466.1213,10948329.4331
双汇发展,000895.SZ,20220118,30.89,22.4363,1.549,5.4387,346466.1213,10702338.487
双汇发展,000895.SZ,20220117,30.39,22.0732,1.5239,5.5281,346466.1213,10529105.4263
双汇发展,000895.SZ,20220114,30.12,21.8771,1.5103,5.5777,346466.1213,10435559.5736
双汇发展,000895.SZ,20220113,31.13,22.6107,1.561,5.3967,346466.1213,10785490.3561
双汇发展,000895.SZ,20220112,31.89,23.1627,1.5991,5.2681,346466.1213,11048804.6083
双汇发展,000895.SZ,20220111,31.42,22.8213,1.5755,5.3469,346466.1213,10885965.5312
双汇发展,000895.SZ,20220110,33.22,24.1287,1.6658,5.0572,346466.1213,11509604.5496
双汇发展,000895.SZ,20220107,32.58,23.6638,1.6337,5.1565,346466.1213,11287866.232
双汇发展,000895.SZ,20220106,33.4,24.2594,1.6748,5.0299,346466.1213,11571968.4514
双汇发展,000895.SZ,20220105,33.38,24.2449,1.6738,5.033,346466.1213,11565039.129
双汇发展,000895.SZ,20220104,32.49,23.5985,1.6292,5.1708,346466.1213,11256684.281
双汇发展,000895.SZ,20211231,31.55,22.9157,1.582,5.3249,346466.1213,10931006.127
双汇发展,000895.SZ,20211230,31.42,22.8213,1.5755,5.3469,346466.1213,10885965.5312
双汇发展,000895.SZ,20211229,31.4,22.8068,1.5745,5.3503,346466.1213,10879036.2088
双汇发展,000895.SZ,20211228,32.0,23.2426,1.6046,5.25,346466.1213,11086915.8816
双汇发展,000895.SZ,20211227,32.18,23.3733,1.6136,5.2206,346466.1213,11149279.7834
双汇发展,000895.SZ,20211224,31.8,23.0973,1.5946,5.283,346466.1213,11017622.6573
双汇发展,000895.SZ,20211223,31.33,22.7559,1.571,5.3623,346466.1213,10854783.5803
双汇发展,000895.SZ,20211222,30.85,22.4073,1.5469,5.4457,346466.1213,10688479.8421
双汇发展,000895.SZ,20211221,30.73,22.3201,1.5409,5.467,346466.1213,10646903.9075
双汇发展,000895.SZ,20211220,30.59,22.2184,1.5339,5.492,346466.1213,10598398.6506
双汇发展,000895.SZ,20211217,30.11,21.8698,1.5098,5.5795,346466.1213,10432094.9123
双汇发展,000895.SZ,20211216,30.35,22.0441,1.5219,5.5354,346466.1213,10515246.7815
双汇发展,000895.SZ,20211215,30.26,21.9787,1.5174,5.5519,346466.1213,10484064.8305
双汇发展,000895.SZ,20211214,31.17,22.6397,1.563,5.3898,346466.1213,10799349.0009
双汇发展,000895.SZ,20211213,31.65,22.9883,1.5871,5.3081,346466.1213,10965652.7391
双汇发展,000895.SZ,20211210,31.33,22.7559,1.571,5.3623,346466.1213,10854783.5803
双汇发展,000895.SZ,20211209,31.64,22.9811,1.5866,5.3097,346466.1213,10962188.0779
双汇发展,000895.SZ,20211208,31.19,22.6542,1.564,5.3863,346466.1213,10806278.3233
双汇发展,000895.SZ,20211207,30.99,22.509,1.554,5.4211,346466.1213,10736985.0991
双汇发展,000895.SZ,20211206,29.65,21.5357,1.4868,5.6661,346466.1213,10272720.4965
双汇发展,000895.SZ,20211203,30.21,21.9424,1.5149,5.5611,346466.1213,10466741.5245
双汇发展,000895.SZ,20211202,30.03,21.8117,1.5058,5.5944,346466.1213,10404377.6226
双汇发展,000895.SZ,20211201,29.2,21.2088,1.4642,5.7534,346466.1213,10116810.742
双汇发展,000895.SZ,20211130,28.46,20.6714,1.4271,5.903,346466.1213,9860425.8122
双汇发展,000895.SZ,20211129,28.99,21.0563,1.4537,5.7951,346466.1213,10044052.8565
双汇发展,000895.SZ,20211126,29.0,21.0636,1.4542,5.7931,346466.1213,10047517.5177
双汇发展,000895.SZ,20211125,29.78,21.6301,1.4933,5.6414,346466.1213,10317761.0923
双汇发展,000895.SZ,20211124,30.15,21.8989,1.5118,7.6949,346466.1213,10445953.5572
双汇发展,000895.SZ,20211123,30.61,22.233,1.5349,7.5792,346466.1213,10605327.973
双汇发展,000895.SZ,20211122,29.87,21.6955,1.4978,7.767,346466.1213,10348943.0432
双汇发展,000895.SZ,20211119,30.2,21.9352,1.5144,7.6821,346466.1213,10463276.8633
双汇发展,000895.SZ,20211118,30.08,21.848,1.5083,7.7128,346466.1213,10421700.9287
双汇发展,000895.SZ,20211117,30.94,22.4727,1.5515,7.4984,346466.1213,10719661.793
双汇发展,000895.SZ,20211116,31.0,22.5162,1.5545,7.4839,346466.1213,10740449.7603
双汇发展,000895.SZ,20211115,31.29,22.7269,1.569,7.4145,346466.1213,10840924.9355
双汇发展,000895.SZ,20211112,30.0,21.7899,1.5043,7.7333,346466.1213,10393983.639
双汇发展,000895.SZ,20211111,30.0,21.7899,1.5043,7.7333,346466.1213,10393983.639
双汇发展,000895.SZ,20211110,30.17,21.9134,1.5128,7.6898,346466.1213,10452882.8796
双汇发展,000895.SZ,20211109,30.78,22.3564,1.5434,7.5374,346466.1213,10664227.2136
双汇发展,000895.SZ,20211108,30.86,22.4145,1.5474,7.5178,346466.1213,10691944.5033
双汇发展,000895.SZ,20211105,30.79,22.3637,1.5439,7.5349,346466.1213,10667691.8748
双汇发展,000895.SZ,20211104,31.05,22.5525,1.557,7.4718,346466.1213,10757773.0664
双汇发展,000895.SZ,20211103,31.91,23.1772,1.6001,7.2704,346466.1213,11055733.9307
双汇发展,000895.SZ,20211102,31.02,22.5308,1.5555,7.479,346466.1213,10747379.0827
双汇发展,000895.SZ,20211101,29.55,21.4631,1.4818,7.8511,346466.1213,10238073.8844
双汇发展,000895.SZ,20211029,29.5,21.4267,1.4793,7.8644,346466.1213,10220750.5784
双汇发展,000895.SZ,20211028,28.94,21.02,1.4512,8.0166,346466.1213,10026729.5504
双汇发展,000895.SZ,20211027,27.85,20.2283,1.3965,8.3303,346466.1213,9649081.4782
双汇发展,000895.SZ,20211026,27.04,16.2882,1.2948,8.5799,346466.1213,9368443.92
双汇发展,000895.SZ,20211025,27.9,16.8062,1.3359,8.3154,346466.1213,9666404.7843
双汇发展,000895.SZ,20211022,28.08,16.9147,1.3446,8.2621,346466.1213,9728768.6861
双汇发展,000895.SZ,20211021,27.89,16.8002,1.3355,8.3184,346466.1213,9662940.1231
双汇发展,000895.SZ,20211020,28.1,16.9267,1.3455,8.2562,346466.1213,9735698.0085
双汇发展,000895.SZ,20211019,28.62,17.24,1.3704,8.1062,346466.1213,9915860.3916
双汇发展,000895.SZ,20211018,26.02,15.6738,1.2459,8.9162,346466.1213,9015048.4762
双汇发展,000895.SZ,20211015,26.56,15.9991,1.2718,8.7349,346466.1213,9202140.1817
双汇发展,000895.SZ,20211014,27.17,16.3665,1.301,8.5388,346466.1213,9413484.5157
双汇发展,000895.SZ,20211013,27.72,16.6978,1.3273,8.3694,346466.1213,9604040.8824
双汇发展,000895.SZ,20211012,27.35,16.4749,1.3096,8.4826,346466.1213,9475848.4176
双汇发展,000895.SZ,20211011,27.55,16.5954,1.3192,8.4211,346466.1213,9545141.6418
双汇发展,000895.SZ,20211008,28.05,16.8966,1.3431,8.2709,346466.1213,9718374.7025
双汇发展,000895.SZ,20210930,27.15,16.3545,1.3,8.5451,346466.1213,9406555.1933
双汇发展,000895.SZ,20210929,27.4,16.5051,1.312,8.4672,346466.1213,9493171.7236
双汇发展,000895.SZ,20210928,27.2,16.3846,1.3024,8.5294,346466.1213,9423878.4994
双汇发展,000895.SZ,20210927,27.66,16.6617,1.3244,8.3876,346466.1213,9583252.9152
双汇发展,000895.SZ,20210924,26.55,15.993,1.2713,8.7382,346466.1213,9198675.5205
双汇发展,000895.SZ,20210923,25.77,15.5232,1.2339,9.0027,346466.1213,8928431.9459
双汇发展,000895.SZ,20210922,25.43,15.3184,1.2177,9.1231,346466.1213,8810633.4647
双汇发展,000895.SZ,20210917,25.95,15.6316,1.2426,8.9403,346466.1213,8990795.8477
双汇发展,000895.SZ,20210916,25.63,15.4389,1.2272,9.0519,346466.1213,8879926.6889
双汇发展,000895.SZ,20210915,24.78,14.9268,1.1865,9.3624,346466.1213,8585430.4858
双汇发展,000895.SZ,20210914,25.11,15.1256,1.2023,9.2393,346466.1213,8699764.3058
双汇发展,000895.SZ,20210913,25.44,15.3244,1.2181,9.1195,346466.1213,8814098.1259
双汇发展,000895.SZ,20210910,25.82,15.5533,1.2363,8.9853,346466.1213,8945755.252
双汇发展,000895.SZ,20210909,25.64,15.4449,1.2277,9.0484,346466.1213,8883391.3501
双汇发展,000895.SZ,20210908,25.52,15.3726,1.222,9.0909,346466.1213,8841815.4156
双汇发展,000895.SZ,20210907,25.72,15.4931,1.2315,9.0202,346466.1213,8911108.6398
双汇发展,000895.SZ,20210906,25.56,15.3967,1.2239,9.0767,346466.1213,8855674.0604
双汇发展,000895.SZ,20210903,25.08,15.1076,1.2009,9.2504,346466.1213,8689370.3222
双汇发展,000895.SZ,20210902,24.86,14.975,1.1904,9.3323,346466.1213,8613147.7755
双汇发展,000895.SZ,20210901,25.24,15.2039,1.2086,9.1918,346466.1213,8744804.9016
双汇发展,000895.SZ,20210831,24.1,14.5172,1.154,9.6266,346466.1213,8349833.5233
双汇发展,000895.SZ,20210830,23.95,14.4269,1.1468,9.6868,346466.1213,8297863.6051
双汇发展,000895.SZ,20210827,24.56,14.7943,1.176,9.4463,346466.1213,8509207.9391
双汇发展,000895.SZ,20210826,24.62,14.8305,1.1789,9.4232,346466.1213,8529995.9064
双汇发展,000895.SZ,20210825,25.12,15.1316,1.2028,9.2357,346466.1213,8703228.9671
双汇发展,000895.SZ,20210824,25.32,15.2521,1.2124,9.1627,346466.1213,8772522.1913
双汇发展,000895.SZ,20210823,25.1,15.1196,1.2019,9.243,346466.1213,8696299.6446
双汇发展,000895.SZ,20210820,25.21,15.1859,1.2071,9.2027,346466.1213,8734410.918
双汇发展,000895.SZ,20210819,24.98,15.0473,1.1961,9.2874,346466.1213,8654723.7101
双汇发展,000895.SZ,20210818,26.29,15.8364,1.2588,8.8246,346466.1213,9108594.329
双汇发展,000895.SZ,20210817,27.83,16.7641,1.3326,8.3363,346466.1213,9642152.1558
双汇发展,000895.SZ,20210816,27.92,16.8183,1.3369,8.3095,346466.1213,9673334.1067
双汇发展,000895.SZ,20210813,27.0,16.2641,1.2928,8.5926,346466.1213,9354585.2751
双汇发展,000895.SZ,20210812,27.24,15.1441,1.2657,8.5169,346466.1213,9437737.1442
双汇发展,000895.SZ,20210811,28.08,15.6111,1.3047,8.2621,346466.1213,9728768.6861
双汇发展,000895.SZ,20210810,28.28,15.7223,1.314,8.2037,346466.1213,9798061.9104
双汇发展,000895.SZ,20210809,27.97,15.55,1.2996,8.2946,346466.1213,9690657.4128
双汇发展,000895.SZ,20210806,26.18,14.5548,1.2164,8.8617,346466.1213,9070483.0556
双汇发展,000895.SZ,20210805,26.55,14.7605,1.2336,8.7382,346466.1213,9198675.5205
双汇发展,000895.SZ,20210804,26.62,14.7995,1.2369,8.7153,346466.1213,9222928.149
双汇发展,000895.SZ,20210803,27.15,15.0941,1.2615,8.5451,346466.1213,9406555.1933
双汇发展,000895.SZ,20210802,26.41,14.6827,1.2271,8.7846,346466.1213,9150170.2635
双汇发展,000895.SZ,20210730,25.68,14.2769,1.1932,9.0343,346466.1213,8897249.995
双汇发展,000895.SZ,20210729,25.54,14.199,1.1867,9.0838,346466.1213,8848744.738
双汇发展,000895.SZ,20210728,26.2,14.566,1.2174,8.855,346466.1213,9077412.3781
双汇发展,000895.SZ,20210727,26.0,14.4548,1.2081,8.9231,346466.1213,9008119.1538
双汇发展,000895.SZ,20210726,27.12,15.0774,1.2601,8.5546,346466.1213,9396161.2097
双汇发展,000895.SZ,20210723,27.83,15.4722,1.2931,8.3363,346466.1213,9642152.1558
双汇发展,000895.SZ,20210722,28.22,15.689,1.3112,8.2211,346466.1213,9777273.9431
双汇发展,000895.SZ,20210721,28.01,15.5722,1.3015,8.2828,346466.1213,9704516.0576
双汇发展,000895.SZ,20210720,29.1,16.1782,1.3521,7.9725,346466.1213,10082164.1298
双汇发展,000895.SZ,20210719,28.56,15.878,1.327,8.1232,346466.1213,9895072.4243
双汇发展,000895.SZ,20210716,29.88,16.6119,1.3884,7.7644,346466.1213,10352407.7044
双汇发展,000895.SZ,20210715,30.39,16.8954,1.4121,7.6341,346466.1213,10529105.4263
双汇发展,000895.SZ,20210714,30.71,17.0733,1.4269,7.5545,346466.1213,10639974.5851
双汇发展,000895.SZ,20210713,30.66,17.0455,1.4246,7.5669,346466.1213,10622651.2791
双汇发展,000895.SZ,20210712,30.2,16.7898,1.4032,7.6821,346466.1213,10463276.8633
双汇发展,000895.SZ,20210709,30.31,16.8509,1.4083,7.6542,346466.1213,10501388.1366
双汇发展,000895.SZ,20210708,30.56,16.9899,1.42,7.5916,346466.1213,10588004.6669
双汇发展,000895.SZ,20210707,30.95,17.2067,1.4381,7.496,346466.1213,10723126.4542
双汇发展,000895.SZ,20210706,31.4,17.4569,1.459,7.3885,346466.1213,10879036.2088
双汇发展,000895.SZ,20210705,31.12,17.3012,1.446,7.455,346466.1213,10782025.6949
双汇发展,000895.SZ,20210702,31.97,17.7738,1.4855,7.2568,346466.1213,11076521.898
双汇发展,000895.SZ,20210701,32.45,18.0407,1.5078,7.1495,346466.1213,11242825.6362
双汇发展,000895.SZ,20210630,31.8,17.6793,1.4776,7.2956,346466.1213,11017622.6573
双汇发展,000895.SZ,20210629,32.22,17.9128,1.4971,7.2005,346466.1213,11163138.4283
双汇发展,000895.SZ,20210628,32.75,18.2074,1.5217,7.084,346466.1213,11346765.4726
双汇发展,000895.SZ,20210625,32.3,17.9573,1.5008,7.1827,346466.1213,11190855.718
双汇发展,000895.SZ,20210624,31.89,17.7293,1.4818,7.275,346466.1213,11048804.6083
双汇发展,000895.SZ,20210623,31.74,17.6459,1.4748,7.3094,346466.1213,10996834.6901
双汇发展,000895.SZ,20210622,31.4,17.4569,1.459,7.3885,346466.1213,10879036.2088
双汇发展,000895.SZ,20210621,30.84,17.1456,1.433,7.5227,346466.1213,10685015.1809
双汇发展,000895.SZ,20210618,31.32,17.4124,1.4553,7.4074,346466.1213,10851318.9191
双汇发展,000895.SZ,20210617,33.01,18.352,1.5338,7.0282,346466.1213,11436846.6641
双汇发展,000895.SZ,20210616,33.53,18.6411,1.558,6.9192,346466.1213,11617009.0472
双汇发展,000895.SZ,20210615,33.62,18.6911,1.5621,6.9007,346466.1213,11648190.9981
双汇发展,000895.SZ,20210611,34.09,18.9524,1.584,6.8055,346466.1213,11811030.0751
双汇发展,000895.SZ,20210610,33.85,18.819,1.5728,6.8538,346466.1213,11727878.206
双汇发展,000895.SZ,20210609,34.05,18.9302,1.5821,9.6271,346466.1213,11797171.4303
双汇发展,000895.SZ,20210608,34.35,19.097,1.5961,9.5431,346466.1213,11901111.2667
双汇发展,000895.SZ,20210607,34.77,19.3305,1.6156,9.4278,346466.1213,12046627.0376
双汇发展,000895.SZ,20210604,35.15,19.5417,1.6332,9.3259,346466.1213,12178284.1637
双汇发展,000895.SZ,20210603,35.21,19.5751,1.636,9.31,346466.1213,12199072.131
双汇发展,000895.SZ,20210602,35.12,19.5251,1.6318,9.3338,346466.1213,12167890.1801
双汇发展,000895.SZ,20210601,35.55,19.7641,1.6518,9.2209,346466.1213,12316870.6122
双汇发展,000895.SZ,20210531,35.22,19.5807,1.6365,9.3073,346466.1213,12202536.7922
双汇发展,000895.SZ,20210528,35.58,19.7808,1.6532,9.2132,346466.1213,12327264.5959
双汇发展,000895.SZ,20210527,36.04,20.0365,1.6746,9.0956,346466.1213,12486639.0117
双汇发展,000895.SZ,20210526,36.35,20.2089,1.689,9.018,346466.1213,12594043.5093
双汇发展,000895.SZ,20210525,36.5,20.2923,1.696,8.9809,346466.1213,12646013.4275
双汇发展,000895.SZ,20210524,35.71,19.8531,1.6593,9.1796,346466.1213,12372305.1916
双汇发展,000895.SZ,20210521,35.32,19.6362,1.6411,9.281,346466.1213,12237183.4043
双汇发展,000895.SZ,20210520,37.96,21.104,1.7638,4.2098,346466.1213,13151853.9645
双汇发展,000895.SZ,20210519,37.99,21.1206,1.7652,4.2065,346466.1213,13162247.9482
双汇发展,000895.SZ,20210518,37.55,20.876,1.7448,4.2558,346466.1213,13009802.8548
双汇发展,000895.SZ,20210517,37.25,20.7092,1.7308,4.29,346466.1213,12905863.0184
双汇发展,000895.SZ,20210514,37.18,20.6703,1.7276,4.2981,346466.1213,12881610.3899
双汇发展,000895.SZ,20210513,36.56,20.3256,1.6988,4.371,346466.1213,12666801.3947
双汇发展,000895.SZ,20210512,36.31,20.1866,1.6871,4.4011,346466.1213,12580184.8644
双汇发展,000895.SZ,20210511,35.42,19.6918,1.6458,4.5117,346466.1213,12271830.0164
双汇发展,000895.SZ,20210510,34.62,19.2471,1.6086,4.6159,346466.1213,11994657.1194
双汇发展,000895.SZ,20210507,35.79,19.8975,1.663,4.465,346466.1213,12400022.4813
双汇发展,000895.SZ,20210506,36.23,20.1422,1.6834,4.4108,346466.1213,12552467.5747
双汇发展,000895.SZ,20210430,36.64,20.3701,1.7025,4.3615,346466.1213,12694518.6844
双汇发展,000895.SZ,20210429,36.89,20.5091,1.7141,4.3319,346466.1213,12781135.2148
双汇发展,000895.SZ,20210428,37.34,20.7593,1.735,4.2797,346466.1213,12937044.9693
双汇发展,000895.SZ,20210427,39.87,22.0823,1.8702,4.0081,346466.1213,13813604.2562
双汇发展,000895.SZ,20210426,39.32,21.7777,1.8444,4.0642,346466.1213,13623047.8895
双汇发展,000895.SZ,20210423,40.16,22.2429,1.8838,3.9792,346466.1213,13914079.4314
双汇发展,000895.SZ,20210422,39.78,22.0324,1.866,4.0172,346466.1213,13782422.3053
双汇发展,000895.SZ,20210421,39.68,21.9771,1.8613,4.0273,346466.1213,13747775.6932
双汇发展,000895.SZ,20210420,39.03,21.617,1.8308,4.0944,346466.1213,13522572.7143
双汇发展,000895.SZ,20210419,39.06,21.6337,1.8322,4.0912,346466.1213,13532966.698
双汇发展,000895.SZ,20210416,39.6,21.9327,1.8575,4.0355,346466.1213,13720058.4035
双汇发展,000895.SZ,20210415,40.25,22.2928,1.888,3.9703,346466.1213,13945261.3823
双汇发展,000895.SZ,20210414,40.28,22.3094,1.8894,3.9673,346466.1213,13955655.366
双汇发展,000895.SZ,20210413,39.55,21.9051,1.8552,4.0406,346466.1213,13702735.0974
双汇发展,000895.SZ,20210412,38.92,21.5561,1.8256,4.106,346466.1213,13484461.441
双汇发展,000895.SZ,20210409,39.71,21.9937,1.8627,4.0243,346466.1213,13758169.6768
双汇发展,000895.SZ,20210408,39.47,21.8607,1.8514,4.0487,346466.1213,13675017.8077
双汇发展,000895.SZ,20210407,39.89,22.0934,1.8711,4.0061,346466.1213,13820533.5787
双汇发展,000895.SZ,20210406,40.3,22.3204,1.8903,3.9654,346466.1213,13962584.6884
双汇发展,000895.SZ,20210402,40.14,22.2318,1.8828,3.9812,346466.1213,13907150.109
双汇发展,000895.SZ,20210401,40.93,22.6694,1.9199,3.9043,346466.1213,14180858.3448
双汇发展,000895.SZ,20210331,41.0,22.7081,1.9232,3.8977,346466.1213,14205110.9733
双汇发展,000895.SZ,20210330,43.88,23.6334,2.0526,3.6418,346466.1213,15202933.4026
双汇发展,000895.SZ,20210329,43.28,23.3102,2.0245,3.6923,346466.1213,14995053.7299
双汇发展,000895.SZ,20210326,42.53,22.9063,1.9894,3.7574,346466.1213,14735204.1389
双汇发展,000895.SZ,20210325,42.2,22.7286,1.974,3.7868,346466.1213,14620870.3189
双汇发展,000895.SZ,20210324,41.01,22.0876,1.9183,3.8967,346466.1213,14208575.6345
双汇发展,000895.SZ,20210323,41.02,22.093,1.9188,3.8958,346466.1213,14212040.2957
双汇发展,000895.SZ,20210322,40.81,21.9799,1.909,3.9158,346466.1213,14139282.4103
双汇发展,000895.SZ,20210319,40.47,21.7968,1.8931,3.9487,346466.1213,14021483.929
双汇发展,000895.SZ,20210318,41.09,22.1307,1.9221,3.8891,346466.1213,14236292.9242
双汇发展,000895.SZ,20210317,41.6,22.4054,1.9459,3.8414,346466.1213,14412990.6461
双汇发展,000895.SZ,20210316,40.67,21.9045,1.9024,3.9293,346466.1213,14090777.1533
双汇发展,000895.SZ,20210315,39.8,21.4359,1.8617,4.0152,346466.1213,13789351.6277
双汇发展,000895.SZ,20210312,41.17,22.1738,1.9258,3.8816,346466.1213,14264010.2139
双汇发展,000895.SZ,20210311,41.58,22.3946,1.945,3.8433,346466.1213,14406061.3237
双汇发展,000895.SZ,20210310,40.88,22.0176,1.9122,3.9091,346466.1213,14163535.0387
双汇发展,000895.SZ,20210309,41.7,22.4593,1.9506,3.8322,346466.1213,14447637.2582
双汇发展,000895.SZ,20210308,43.55,23.4557,2.0371,3.6694,346466.1213,15088599.5826
双汇发展,000895.SZ,20210305,45.1,24.2905,2.1096,3.5433,346466.1213,15625622.0706
双汇发展,000895.SZ,20210304,45.59,24.5544,2.1326,3.5052,346466.1213,15795390.4701
双汇发展,000895.SZ,20210303,46.86,25.2384,2.192,3.4102,346466.1213,16235402.4441
双汇发展,000895.SZ,20210302,46.05,24.8021,2.1541,3.4702,346466.1213,15954764.8859
双汇发展,000895.SZ,20210301,46.64,25.1199,2.1817,3.4263,346466.1213,16159179.8974
双汇发展,000895.SZ,20210226,46.04,24.7967,2.1536,3.471,346466.1213,15951300.2247
双汇发展,000895.SZ,20210225,47.25,25.4484,2.2102,3.3821,346466.1213,16370524.2314
双汇发展,000895.SZ,20210224,47.9,25.7985,2.2406,3.3362,346466.1213,16595727.2103
双汇发展,000895.SZ,20210223,47.32,25.4861,2.2135,3.3771,346466.1213,16394776.8599
双汇发展,000895.SZ,20210222,47.9,25.7985,2.2406,3.3362,346466.1213,16595727.2103
双汇发展,000895.SZ,20210219,49.0,26.391,2.2921,3.2613,346466.1213,16976839.9437
双汇发展,000895.SZ,20210218,48.51,26.1271,2.2691,3.2942,346466.1213,16807071.5443
双汇发展,000895.SZ,20210210,51.28,27.619,2.3987,3.1163,346466.1213,17766782.7003
双汇发展,000895.SZ,20210209,50.29,27.0858,2.3524,3.1776,346466.1213,17423781.2402
双汇发展,000895.SZ,20210208,48.3,26.014,2.2593,3.3086,346466.1213,16734313.6588
双汇发展,000895.SZ,20210205,47.18,25.4107,2.2069,3.3871,346466.1213,16346271.6029
双汇发展,000895.SZ,20210204,47.53,25.5992,2.2233,3.3622,346466.1213,16467534.7454
双汇发展,000895.SZ,20210203,48.33,26.0301,2.2607,3.3065,346466.1213,16744707.6424
双汇发展,000895.SZ,20210202,49.24,26.5202,2.3033,3.2454,346466.1213,17059991.8128
双汇发展,000895.SZ,20210201,47.23,25.4377,2.2093,3.3835,346466.1213,16363594.909
双汇发展,000895.SZ,20210129,46.99,25.3084,2.198,3.4008,346466.1213,16280443.0399
双汇发展,000895.SZ,20210128,46.66,25.1307,2.1826,3.4249,346466.1213,16166109.2199
双汇发展,000895.SZ,20210127,47.65,25.6639,2.2289,3.3537,346466.1213,16509110.6799
双汇发展,000895.SZ,20210126,48.94,26.3587,2.2893,3.2653,346466.1213,16956051.9764
双汇发展,000895.SZ,20210125,50.35,27.1181,2.3552,3.1739,346466.1213,17444569.2075
双汇发展,000895.SZ,20210122,48.81,26.2886,2.2832,3.274,346466.1213,16911011.3807
双汇发展,000895.SZ,20210121,49.3,26.5526,2.3061,3.2415,346466.1213,17080779.7801
双汇发展,000895.SZ,20210120,48.38,26.0571,2.2631,3.3031,346466.1213,16762030.9485
双汇发展,000895.SZ,20210119,48.96,26.3694,2.2902,3.264,346466.1213,16962981.2988
双汇发展,000895.SZ,20210118,49.92,26.8865,2.3351,3.2012,346466.1213,17295588.7753
双汇发展,000895.SZ,20210115,51.51,27.7428,2.4095,3.1024,346466.1213,17846469.9082
双汇发展,000895.SZ,20210114,53.49,28.8093,2.5021,2.9875,346466.1213,18532472.8283
双汇发展,000895.SZ,20210113,53.03,28.5615,2.4806,3.0135,346466.1213,18373098.4125
双汇发展,000895.SZ,20210112,51.11,27.5274,2.3908,3.1267,346466.1213,17707883.4596
双汇发展,000895.SZ,20210111,50.25,27.0642,2.3505,3.1802,346466.1213,17409922.5953
双汇发展,000895.SZ,20210108,51.8,27.899,2.423,3.085,346466.1213,17946945.0833
双汇发展,000895.SZ,20210107,52.03,28.0229,2.4338,3.0714,346466.1213,18026632.2912
双汇发展,000895.SZ,20210106,52.73,28.3999,2.4665,3.0306,346466.1213,18269158.5761
双汇发展,000895.SZ,20210105,52.81,28.443,2.4703,3.026,346466.1213,18296875.8659
双汇发展,000895.SZ,20210104,48.01,25.8578,2.2458,3.3286,346466.1213,16633838.4836
双汇发展,000895.SZ,20201231,46.94,25.2815,2.1957,3.4044,346466.1213,16263119.7338
双汇发展,000895.SZ,20201230,46.25,24.9099,2.1634,3.4552,346466.1213,16024058.1101
双汇发展,000895.SZ,20201229,45.09,24.2851,2.1092,3.5441,346466.1213,15622157.4094
双汇发展,000895.SZ,20201228,45.96,24.7537,2.1499,3.477,346466.1213,15923582.9349
双汇发展,000895.SZ,20201225,46.17,24.8668,2.1597,3.4612,346466.1213,15996340.8204
双汇发展,000895.SZ,20201224,45.55,24.5328,2.1307,3.5083,346466.1213,15781531.8252
双汇发展,000895.SZ,20201223,46.35,24.9637,2.1681,3.4478,346466.1213,16058704.7223
双汇发展,000895.SZ,20201222,46.69,25.1468,2.184,3.4227,346466.1213,16176503.2035
双汇发展,000895.SZ,20201221,47.45,25.5562,2.2196,3.3678,346466.1213,16439817.4557
双汇发展,000895.SZ,20201218,47.7,25.6908,2.2313,3.3502,346466.1213,16526433.986
双汇发展,000895.SZ,20201217,49.2,26.4987,2.3014,3.248,346466.1213,17046133.168
双汇发展,000895.SZ,20201216,49.1,26.4448,2.2967,3.2547,346466.1213,17011486.5558
双汇发展,000895.SZ,20201215,48.44,26.0894,2.2659,3.299,346466.1213,16782818.9158
双汇发展,000895.SZ,20201214,48.62,26.1863,2.2743,3.2868,346466.1213,16845182.8176
双汇发展,000895.SZ,20201211,46.1,24.8291,2.1564,3.4665,346466.1213,15972088.1919
双汇发展,000895.SZ,20201210,46.7,25.1522,2.1845,3.4219,346466.1213,16179967.8647
双汇发展,000895.SZ,20201209,47.4,25.5292,2.2172,3.3714,346466.1213,16422494.1496
双汇发展,000895.SZ,20201208,48.4,26.0678,2.264,3.3017,346466.1213,16768960.2709
双汇发展,000895.SZ,20201207,47.73,25.707,2.2327,3.3481,346466.1213,16536827.9696
双汇发展,000895.SZ,20201204,48.08,25.8955,2.249,3.3237,346466.1213,16658091.1121
双汇发展,000895.SZ,20201203,47.49,25.5777,2.2214,3.365,346466.1213,16453676.1005
双汇发展,000895.SZ,20201202,47.29,25.47,2.2121,3.3792,346466.1213,16384382.8763
双汇发展,000895.SZ,20201201,46.63,25.1145,2.1812,3.4271,346466.1213,16155715.2362
双汇发展,000895.SZ,20201130,46.12,24.8398,2.1573,3.465,346466.1213,15979017.5144
双汇发展,000895.SZ,20201127,47.49,25.5777,2.2214,3.365,346466.1213,16453676.1005
双汇发展,000895.SZ,20201126,47.69,25.6854,2.2308,3.3509,346466.1213,16522969.3248
双汇发展,000895.SZ,20201125,48.09,25.9009,2.2495,3.323,346466.1213,16661555.7733
双汇发展,000895.SZ,20201124,50.09,26.978,2.3431,1.9126,346466.1213,17354488.0159
双汇发展,000895.SZ,20201123,49.79,26.8165,2.329,1.9242,346466.1213,17250548.1795
双汇发展,000895.SZ,20201120,51.32,27.6405,2.4006,1.8668,346466.1213,17780641.3451
双汇发展,000895.SZ,20201119,51.77,27.8829,2.4216,1.8506,346466.1213,17936551.0997
双汇发展,000895.SZ,20201118,51.95,27.9798,2.4301,1.8442,346466.1213,17998915.0015
双汇发展,000895.SZ,20201117,50.89,27.4089,2.3805,1.8826,346466.1213,17631660.913
双汇发展,000895.SZ,20201116,49.4,26.6064,2.3108,1.9394,346466.1213,17115426.3922
双汇发展,000895.SZ,20201113,48.18,25.9493,2.2537,1.9885,346466.1213,16692737.7242
双汇发展,000895.SZ,20201112,49.08,26.4341,2.2958,1.952,346466.1213,17004557.2334
双汇发展,000895.SZ,20201111,48.81,26.2886,2.2832,1.9628,346466.1213,16911011.3807
双汇发展,000895.SZ,20201110,48.91,26.3425,2.2879,1.9588,346466.1213,16945657.9928
双汇发展,000895.SZ,20201109,50.0,26.9296,2.3388,1.9161,346466.1213,17323306.065
双汇发展,000895.SZ,20201106,49.24,26.5202,2.3033,1.9457,346466.1213,17059991.8128
双汇发展,000895.SZ,20201105,50.05,26.9565,2.3412,1.9142,346466.1213,17340629.3711
双汇发展,000895.SZ,20201104,49.91,26.8811,2.3346,1.9195,346466.1213,17292124.1141
双汇发展,000895.SZ,20201103,48.73,26.2456,2.2794,1.966,346466.1213,16883294.0909
双汇发展,000895.SZ,20201102,49.05,26.4179,2.2944,1.9532,346466.1213,16994163.2498
双汇发展,000895.SZ,20201030,50.0,26.9296,2.3388,1.9161,346466.1213,17323306.065
双汇发展,000895.SZ,20201029,50.56,27.2312,2.365,1.8949,346466.1213,17517327.0929
双汇发展,000895.SZ,20201028,49.79,26.8165,2.329,1.9242,346466.1213,17250548.1795
双汇发展,000895.SZ,20201027,49.65,28.2143,2.4152,1.9296,346466.1213,17202042.9225
双汇发展,000895.SZ,20201026,48.6,27.6176,2.3641,1.9713,346466.1213,16838253.4952
双汇发展,000895.SZ,20201023,47.5,26.9926,2.3106,2.0169,346466.1213,16457140.7618
双汇发展,000895.SZ,20201022,49.91,28.3621,2.4279,1.9195,346466.1213,17292124.1141
双汇发展,000895.SZ,20201021,50.57,28.7371,2.46,1.8945,346466.1213,17520791.7541
双汇发展,000895.SZ,20201020,50.88,28.9133,2.475,1.8829,346466.1213,17628196.2517
双汇发展,000895.SZ,20201019,50.23,28.5439,2.4434,1.9073,346466.1213,17402993.2729
双汇发展,000895.SZ,20201016,53.5,29.1264,2.4933,1.7907,331928.219,17758159.7165
双汇发展,000895.SZ,20201015,53.55,29.1537,2.4956,1.8674,331928.219,17774756.1275
双汇发展,000895.SZ,20201014,54.19,29.5021,2.5255,1.8454,331928.219,17987190.1876
双汇发展,000895.SZ,20201013,54.9,29.8886,2.5585,1.8215,331928.219,18222859.2231
双汇发展,000895.SZ,20201012,55.45,30.1881,2.5842,1.8034,331928.219,18405419.7436
双汇发展,000895.SZ,20201009,55.0,29.9431,2.5632,1.8182,331928.219,18256052.045
双汇发展,000895.SZ,20200930,52.93,28.8161,2.4667,1.8893,331928.219,17568960.6317
双汇发展,000895.SZ,20200929,51.66,28.1247,2.4075,1.9357,331928.219,17147411.7935
双汇发展,000895.SZ,20200928,50.94,27.7327,2.374,1.9631,331928.219,16908423.4759
双汇发展,000895.SZ,20200925,51.33,27.9451,2.3922,1.9482,331928.219,17037875.4813
双汇发展,000895.SZ,20200924,51.1,27.8198,2.3814,1.9569,331928.219,16961531.9909
双汇发展,000895.SZ,20200923,51.7,28.1465,2.4094,1.9342,331928.219,17160688.9223
双汇发展,000895.SZ,20200922,50.98,27.7545,2.3759,1.9616,331928.219,16921700.6046
双汇发展,000895.SZ,20200921,51.18,27.8634,2.3852,1.9539,331928.219,16988086.2484
双汇发展,000895.SZ,20200918,52.24,28.4405,2.4346,1.9048,331928.219,17339930.1606
双汇发展,000895.SZ,20200917,51.19,27.8688,2.3856,1.9535,331928.219,16991405.5306
双汇发展,000895.SZ,20200916,52.72,28.7018,2.4569,1.8968,331928.219,17499255.7057
双汇发展,000895.SZ,20200915,52.19,28.4133,2.4322,1.9161,331928.219,17323333.7496
双汇发展,000895.SZ,20200914,51.53,28.0539,2.4015,1.9406,331928.219,17104261.1251
双汇发展,000895.SZ,20200911,53.1,28.9087,2.4747,1.8832,331928.219,17625388.4289
双汇发展,000895.SZ,20200910,53.96,29.3769,2.5147,1.8532,331928.219,17910846.6972
双汇发展,000895.SZ,20200909,54.3,29.562,2.5306,1.8416,331928.219,18023702.2917
双汇发展,000895.SZ,20200908,56.38,30.6944,2.6275,1.7737,331928.219,18714112.9872
双汇发展,000895.SZ,20200907,56.13,30.5583,2.6159,1.7816,331928.219,18631130.9325
双汇发展,000895.SZ,20200904,59.14,32.197,2.7561,1.6909,331928.219,19630234.8717
双汇发展,000895.SZ,20200903,59.85,32.5835,2.7892,1.6708,331928.219,19865903.9072
双汇发展,000895.SZ,20200902,61.82,33.656,2.881,1.6176,331928.219,20519802.4986
双汇发展,000895.SZ,20200901,62.34,33.9391,2.9053,1.6041,331928.219,20692405.1725
双汇发展,000895.SZ,20200831,63.5,34.5706,2.9593,1.5748,331928.219,21077441.9065
双汇发展,000895.SZ,20200828,65.17,35.4798,3.0372,1.5344,331928.219,21631762.0322
双汇发展,000895.SZ,20200827,59.42,32.3494,2.7692,1.6829,331928.219,19723174.773
双汇发展,000895.SZ,20200826,58.18,31.6743,2.7114,1.7188,331928.219,19311583.7814
双汇发展,000895.SZ,20200825,58.01,31.5818,2.7035,1.7238,331928.219,19255155.9842
双汇发展,000895.SZ,20200824,58.63,31.9193,2.7324,1.7056,331928.219,19460951.48
双汇发展,000895.SZ,20200821,59.3,32.2841,2.7636,1.6863,331928.219,19683343.3867
双汇发展,000895.SZ,20200820,57.3,31.1952,2.6704,1.7452,331928.219,19019486.9487
双汇发展,000895.SZ,20200819,57.96,31.5546,2.7011,1.7253,331928.219,19238559.5732
双汇发展,000895.SZ,20200818,54.34,29.5838,2.5324,1.8403,331928.219,18036979.4205
双汇发展,000895.SZ,20200817,52.2,28.4187,2.4327,1.9157,331928.219,17326653.0318
双汇发展,000895.SZ,20200814,51.9,28.2554,2.4187,1.9268,331928.219,17227074.5661
双汇发展,000895.SZ,20200813,51.09,27.8144,2.381,1.9573,331928.219,16958212.7087
双汇发展,000895.SZ,20200812,52.08,28.3534,2.4271,1.9201,331928.219,17286821.6455
双汇发展,000895.SZ,20200811,57.25,33.7951,2.8822,1.7467,331928.219,19002890.5378
双汇发展,000895.SZ,20200810,55.81,32.945,2.8097,1.7918,331928.219,18524913.9024
双汇发展,000895.SZ,20200807,53.17,31.3866,2.6768,1.8808,331928.219,17648623.4042
双汇发展,000895.SZ,20200806,53.73,31.7172,2.705,1.8612,331928.219,17834503.2069
双汇发展,000895.SZ,20200805,54.8,32.3488,2.7589,1.8248,331928.219,18189666.4012
双汇发展,000895.SZ,20200804,54.45,32.1422,2.7413,1.8365,331928.219,18073491.5246
双汇发展,000895.SZ,20200803,54.11,31.9415,2.7242,1.8481,331928.219,17960635.9301
双汇发展,000895.SZ,20200731,54.63,32.2485,2.7503,1.8305,331928.219,18133238.604
双汇发展,000895.SZ,20200730,54.64,32.2544,2.7508,1.8302,331928.219,18136557.8862
双汇发展,000895.SZ,20200729,54.46,32.1481,2.7418,1.8362,331928.219,18076810.8067
双汇发展,000895.SZ,20200728,54.32,32.0655,2.7347,1.8409,331928.219,18030340.8561
双汇发展,000895.SZ,20200727,52.1,30.755,2.623,1.9194,331928.219,17293460.2099
双汇发展,000895.SZ,20200724,51.3,30.2827,2.5827,1.9493,331928.219,17027917.6347
双汇发展,000895.SZ,20200723,54.26,32.03,2.7317,1.843,331928.219,18010425.1629
双汇发展,000895.SZ,20200722,56.2,33.1752,2.8294,1.7794,331928.219,18654365.9078
双汇发展,000895.SZ,20200721,55.81,32.945,2.8097,1.7918,331928.219,18524913.9024
双汇发展,000895.SZ,20200720,55.84,32.9627,2.8113,1.7908,331928.219,18534871.749
双汇发展,000895.SZ,20200717,54.52,32.1835,2.7448,1.8342,331928.219,18096726.4999
双汇发展,000895.SZ,20200716,50.7,29.9285,2.5525,1.9724,331928.219,16828760.7033
双汇发展,000895.SZ,20200715,52.57,31.0324,2.6466,1.9022,331928.219,17449466.4728
双汇发展,000895.SZ,20200714,49.0,28.925,2.4669,2.0408,331928.219,16264482.731
双汇发展,000895.SZ,20200713,49.6,29.2792,2.4971,2.0161,331928.219,16463639.6624
双汇发展,000895.SZ,20200710,49.16,29.0195,2.4749,2.0342,331928.219,16317591.246
双汇发展,000895.SZ,20200709,48.0,28.3347,2.4165,2.0833,331928.219,15932554.512
双汇发展,000895.SZ,20200708,47.22,27.8743,2.3773,2.1177,331928.219,15673650.5012
双汇发展,000895.SZ,20200707,47.28,27.9097,2.3803,2.1151,331928.219,15693566.1943
双汇发展,000895.SZ,20200706,47.03,27.7621,2.3677,2.1263,331928.219,15610584.1396
双汇发展,000895.SZ,20200703,46.16,27.2486,2.3239,2.1664,331928.219,15321806.589
双汇发展,000895.SZ,20200702,47.01,27.7503,2.3667,2.1272,331928.219,15603945.5752
双汇发展,000895.SZ,20200701,47.55,28.0691,2.3939,2.103,331928.219,15783186.8135
双汇发展,000895.SZ,20200630,46.09,27.2072,2.3204,2.1697,331928.219,15298571.6137
双汇发展,000895.SZ,20200629,46.06,27.1895,2.3189,2.1711,331928.219,15288613.7671
双汇发展,000895.SZ,20200624,43.83,25.8731,2.2066,2.2815,331928.219,14548413.8388
双汇发展,000895.SZ,20200623,42.15,24.8814,2.122,2.3725,331928.219,13990774.4309
双汇发展,000895.SZ,20200622,41.84,24.6984,2.1064,2.3901,331928.219,13887876.683
双汇发展,000895.SZ,20200619,42.55,25.1175,2.1422,2.3502,331928.219,14123545.7185
双汇发展,000895.SZ,20200618,41.69,24.6099,2.0989,2.3987,331928.219,13838087.4501
双汇发展,000895.SZ,20200617,40.92,24.1553,2.0601,2.4438,331928.219,13582502.7215
双汇发展,000895.SZ,20200616,40.88,24.1317,2.0581,2.4462,331928.219,13569225.5927
双汇发展,000895.SZ,20200615,40.78,24.0727,2.0531,2.4522,331928.219,13536032.7708
双汇发展,000895.SZ,20200612,39.85,23.5237,2.0062,2.5094,331928.219,13227339.5272
双汇发展,000895.SZ,20200611,39.07,23.0633,1.967,2.5595,331928.219,12968435.5163
双汇发展,000895.SZ,20200610,39.58,23.3643,1.9926,2.5265,331928.219,13137718.908
双汇发展,000895.SZ,20200609,39.89,23.5473,2.0083,,331928.219,13240616.6559
双汇发展,000895.SZ,20200608,39.11,23.0869,1.969,,331928.219,12981712.6451
双汇发展,000895.SZ,20200605,39.4,23.2581,1.9836,,331928.219,13077971.8286
双汇发展,000895.SZ,20200604,39.9,23.5532,2.0088,,331928.219,13243935.9381
双汇发展,000895.SZ,20200603,39.03,23.0397,1.965,,331928.219,12955158.3876
双汇发展,000895.SZ,20200602,39.3,23.1991,1.9785,,331928.219,13044779.0067
双汇发展,000895.SZ,20200601,39.8,23.4942,2.0037,,331928.219,13210743.1162
双汇发展,000895.SZ,20200529,39.56,23.3525,1.9916,,331928.219,13131080.3436
双汇发展,000895.SZ,20200528,40.2,23.7303,2.0239,,331928.219,13343514.4038
双汇发展,000895.SZ,20200527,40.15,23.7008,2.0213,,331928.219,13326917.9929
双汇发展,000895.SZ,20200526,41.88,24.722,2.1084,,331928.219,13901153.8117
双汇发展,000895.SZ,20200525,40.85,24.114,2.0566,,331928.219,13559267.7462
双汇发展,000895.SZ,20200522,39.18,23.1282,1.9725,,331928.219,13004947.6204
双汇发展,000895.SZ,20200521,39.92,23.565,2.0098,,331928.219,13250574.5025
双汇发展,000895.SZ,20200520,40.6,23.9664,2.044,,331928.219,13476285.6914
双汇发展,000895.SZ,20200519,40.49,23.9015,2.0385,,331928.219,13439773.5873
双汇发展,000895.SZ,20200518,40.45,23.8779,2.0364,,331928.219,13426496.4586
双汇发展,000895.SZ,20200515,41.87,24.7161,2.1079,,331928.219,13897834.5295
双汇发展,000895.SZ,20200514,42.58,25.1353,2.1437,,331928.219,14133503.565
双汇发展,000895.SZ,20200513,43.68,25.7846,2.1991,,331928.219,14498624.6059
双汇发展,000895.SZ,20200512,42.33,24.9877,2.1311,,331928.219,14050521.5103
双汇发展,000895.SZ,20200511,41.58,24.5449,2.0933,,331928.219,13801575.346
双汇发展,000895.SZ,20200508,42.83,25.2828,2.1563,,331928.219,14216485.6198
双汇发展,000895.SZ,20200507,42.19,24.905,2.124,,331928.219,14004051.5596
双汇发展,000895.SZ,20200506,41.49,24.4918,2.0888,,331928.219,13771701.8063
双汇发展,000895.SZ,20200430,40.41,23.8543,2.0344,,331928.219,13413219.3298
双汇发展,000895.SZ,20200429,41.18,24.3088,2.0732,,331928.219,13668804.0584
双汇发展,000895.SZ,20200428,44.02,26.8711,2.4227,,331928.219,14611480.2004
双汇发展,000895.SZ,20200427,43.28,26.4194,2.382,,331928.219,14365853.3183
双汇发展,000895.SZ,20200424,41.88,25.5648,2.305,,331928.219,13901153.8117
双汇发展,000895.SZ,20200423,41.56,25.3695,2.2873,,331928.219,13794936.7816
双汇发展,000895.SZ,20200422,42.2,25.7601,2.3226,,331928.219,14007370.8418
双汇发展,000895.SZ,20200421,40.57,24.7651,2.2329,1.3476,331928.219,13466327.8448
双汇发展,000895.SZ,20200420,40.25,24.5698,2.2152,1.3583,331928.219,13360110.8148
双汇发展,000895.SZ,20200417,39.9,24.3562,2.196,1.3703,331928.219,13243935.9381
双汇发展,000895.SZ,20200416,40.22,24.5515,2.2136,1.3594,331928.219,13350152.9682
双汇发展,000895.SZ,20200415,40.1,24.4782,2.207,1.3634,331928.219,13310321.5819
双汇发展,000895.SZ,20200414,40.4,24.6614,2.2235,1.3533,331928.219,13409900.0476
双汇发展,000895.SZ,20200413,40.02,24.4294,2.2026,1.3661,331928.219,13283767.3244
双汇发展,000895.SZ,20200410,40.09,24.4721,2.2064,1.3638,331928.219,13307002.2997
双汇发展,000895.SZ,20200409,41.25,25.1802,2.2703,1.3254,331928.219,13692039.0338
双汇发展,000895.SZ,20200408,40.9,24.9666,2.251,1.3368,331928.219,13575864.1571
双汇发展,000895.SZ,20200407,40.99,25.0215,2.256,1.3338,331928.219,13605737.6968
双汇发展,000895.SZ,20200403,39.87,24.3378,2.1943,1.3713,331928.219,13233978.0915
双汇发展,000895.SZ,20200402,39.4,24.0509,2.1685,1.3876,331928.219,13077971.8286
双汇发展,000895.SZ,20200401,38.91,23.7518,2.1415,1.4051,331928.219,12915327.0013
双汇发展,000895.SZ,20200331,39.3,23.9899,2.163,1.3912,331928.219,13044779.0067
双汇发展,000895.SZ,20200330,37.98,23.1841,2.0903,1.4395,331928.219,12606633.7576
双汇发展,000895.SZ,20200327,37.5,22.8911,2.0639,1.458,331928.219,12447308.2125
双汇发展,000895.SZ,20200326,35.21,21.4932,1.9379,1.5528,331928.219,11687192.591
双汇发展,000895.SZ,20200325,35.98,21.9633,1.9802,1.5195,331928.219,11942777.3196
双汇发展,000895.SZ,20200324,36.69,23.3961,2.2461,1.4901,331928.219,12178446.3551
双汇发展,000895.SZ,20200323,34.5,21.9996,2.1121,1.5847,331928.219,11451523.5555
双汇发展,000895.SZ,20200320,34.8,22.1909,2.1304,1.5711,331928.219,11551102.0212
双汇发展,000895.SZ,20200319,34.0,21.6808,2.0815,1.608,331928.219,11285559.446
双汇发展,000895.SZ,20200318,34.52,22.0124,2.1133,1.5838,331928.219,11458162.1199
双汇发展,000895.SZ,20200317,34.38,21.9231,2.1047,1.5903,331928.219,11411692.1692
双汇发展,000895.SZ,20200316,34.6,22.0634,2.1182,1.5801,331928.219,11484716.3774
双汇发展,000895.SZ,20200313,35.01,22.3248,2.1433,1.5616,331928.219,11620806.9472
双汇发展,000895.SZ,20200312,35.68,22.7521,2.1843,1.5323,331928.219,11843198.8539
双汇发展,000895.SZ,20200311,36.65,23.3706,2.2437,1.4918,331928.219,12165169.2264
双汇发展,000895.SZ,20200310,36.89,23.5237,2.2584,1.4821,331928.219,12244831.9989
双汇发展,000895.SZ,20200309,36.29,23.1411,2.2216,1.5066,331928.219,12045675.0675
双汇发展,000895.SZ,20200306,37.08,23.6448,2.27,1.4745,331928.219,12307898.3605
双汇发展,000895.SZ,20200305,37.49,23.9063,2.2951,1.4583,331928.219,12443988.9303
双汇发展,000895.SZ,20200304,36.1,23.0199,2.21,1.5145,331928.219,11982608.7059
双汇发展,000895.SZ,20200303,34.11,21.7509,2.0882,1.6028,331928.219,11322071.5501
双汇发展,000895.SZ,20200302,34.03,21.6999,2.0833,1.6066,331928.219,11295517.2926
双汇发展,000895.SZ,20200228,34.0,21.6808,2.0815,1.608,331928.219,11285559.446
双汇发展,000895.SZ,20200227,34.65,22.0953,2.1212,1.5779,331928.219,11501312.7884
双汇发展,000895.SZ,20200226,34.52,22.0124,2.1133,1.5838,331928.219,11458162.1199
双汇发展,000895.SZ,20200225,35.12,22.395,2.15,1.5568,331928.219,11657319.0513
双汇发展,000895.SZ,20200224,34.79,22.1845,2.1298,1.5715,331928.219,11547782.739
双汇发展,000895.SZ,20200221,35.09,22.3758,2.1482,1.5581,331928.219,11647361.2047
双汇发展,000895.SZ,20200220,35.5,22.6373,2.1733,1.5401,331928.219,11783451.7745
双汇发展,000895.SZ,20200219,35.9,22.8924,2.1978,1.5229,331928.219,11916223.0621
双汇发展,000895.SZ,20200218,33.57,21.4066,2.0551,1.6286,331928.219,11142830.3118
双汇发展,000895.SZ,20200217,34.06,21.719,2.0851,1.6052,331928.219,11305475.1391
双汇发展,000895.SZ,20200214,33.29,21.228,2.038,1.6423,331928.219,11049890.4105
双汇发展,000895.SZ,20200213,32.38,20.6478,1.9823,1.6885,331928.219,10747835.7312
双汇发展,000895.SZ,20200212,32.5,20.7243,1.9896,1.6823,331928.219,10787667.1175
双汇发展,000895.SZ,20200211,32.44,20.686,1.986,1.6854,331928.219,10767751.4244
双汇发展,000895.SZ,20200210,33.03,21.0622,2.0221,1.6553,331928.219,10963589.0736
双汇发展,000895.SZ,20200207,32.78,20.9028,2.0068,1.6679,331928.219,10880607.0188
双汇发展,000895.SZ,20200206,30.8,19.6402,1.8856,1.7751,331928.219,10223389.1452
双汇发展,000895.SZ,20200205,28.99,18.4861,1.7747,1.8859,331928.219,9622599.0688
双汇发展,000895.SZ,20200204,29.3,18.6837,1.7937,1.866,331928.219,9725496.8167
双汇发展,000895.SZ,20200203,28.84,18.3904,1.7656,1.8957,331928.219,9572809.836
双汇发展,000895.SZ,20200123,29.26,18.6582,1.7913,1.8685,331928.219,9712219.6879
双汇发展,000895.SZ,20200122,30.55,19.4808,1.8702,1.7896,331928.219,10140407.0905
双汇发展,000895.SZ,20200121,30.45,19.4171,1.8641,1.7955,331928.219,10107214.2686
双汇发展,000895.SZ,20200120,30.31,19.3278,1.8556,1.8038,331928.219,10060744.3179
双汇发展,000895.SZ,20200117,30.55,19.4808,1.8702,1.7896,331928.219,10140407.0905
双汇发展,000895.SZ,20200116,30.76,19.6147,1.8831,1.7774,331928.219,10210112.0164
双汇发展,000895.SZ,20200115,31.67,20.195,1.9388,1.7263,331928.219,10512166.6957
双汇发展,000895.SZ,20200114,31.2,19.8953,1.91,1.7523,331928.219,10356160.4328
双汇发展,000895.SZ,20200113,31.2,19.8953,1.91,1.7523,331928.219,10356160.4328
双汇发展,000895.SZ,20200110,31.44,20.0484,1.9247,1.739,331928.219,10435823.2054
双汇发展,000895.SZ,20200109,31.41,20.0292,1.9229,1.7406,331928.219,10425865.3588
双汇发展,000895.SZ,20200108,30.24,19.2831,1.8513,1.808,331928.219,10037509.3426
双汇发展,000895.SZ,20200107,30.58,19.5,1.8721,1.7879,331928.219,10150364.937
双汇发展,000895.SZ,20200106,29.5,18.8113,1.806,1.8533,331928.219,9791882.4605
双汇发展,000895.SZ,20200103,29.9,19.0663,1.8305,1.8285,331928.219,9924653.7481
双汇发展,000895.SZ,20200102,30.27,19.3023,1.8531,1.8062,331928.219,10047467.1891
双汇发展,000895.SZ,20191231,29.03,18.5116,1.7772,1.8833,331928.219,9635876.1976
双汇发展,000895.SZ,20191230,28.96,18.4669,1.7729,1.8879,331928.219,9612641.2222
双汇发展,000895.SZ,20191227,28.7,18.3011,1.757,1.905,331928.219,9526339.8853
双汇发展,000895.SZ,20191226,28.45,18.1417,1.7417,1.9217,331928.219,9443357.8306
双汇发展,000895.SZ,20191225,28.39,18.1035,1.738,1.9258,331928.219,9423442.1374
双汇发展,000895.SZ,20191224,29.0,18.4924,1.7754,1.8853,331928.219,9625918.351
双汇发展,000895.SZ,20191223,29.08,18.5434,1.7803,1.8801,331928.219,9652472.6085
双汇发展,000895.SZ,20191220,29.91,19.0727,1.8311,1.8279,331928.219,9927973.0303
双汇发展,000895.SZ,20191219,29.23,18.6391,1.7894,1.8704,331928.219,9702261.8414
双汇发展,000895.SZ,20191218,29.15,18.5881,1.7845,1.8756,331928.219,9675707.5839
双汇发展,000895.SZ,20191217,29.79,18.9962,1.8237,1.8353,331928.219,9888141.644
双汇发展,000895.SZ,20191216,29.49,18.8049,1.8054,1.854,331928.219,9788563.1783
双汇发展,000895.SZ,20191213,29.09,18.5498,1.7809,1.8794,331928.219,9655791.8907
双汇发展,000895.SZ,20191212,28.77,18.3458,1.7613,1.9004,331928.219,9549574.8606
双汇发展,000895.SZ,20191211,28.85,18.3968,1.7662,1.8951,331928.219,9576129.1182
双汇发展,000895.SZ,20191210,29.03,18.5116,1.7772,1.8833,331928.219,9635876.1976
双汇发展,000895.SZ,20191209,29.1,18.5562,1.7815,1.8788,331928.219,9659111.1729
双汇发展,000895.SZ,20191206,29.73,18.9579,1.82,4.8482,331928.219,9868225.9509
双汇发展,000895.SZ,20191205,29.06,18.5307,1.779,4.96,331928.219,9645834.0441
双汇发展,000895.SZ,20191204,29.01,18.4988,1.776,4.9686,331928.219,9629237.6332
双汇发展,000895.SZ,20191203,30.86,19.6785,1.8892,4.6707,331928.219,10243304.8383
双汇发展,000895.SZ,20191202,30.65,19.5446,1.8764,4.7027,331928.219,10173599.9124
双汇发展,000895.SZ,20191129,30.99,19.7614,1.8972,4.6511,331928.219,10286455.5068
双汇发展,000895.SZ,20191128,31.04,19.7933,1.9002,4.6436,331928.219,10303051.9178
双汇发展,000895.SZ,20191127,30.83,19.6594,1.8874,4.6753,331928.219,10233346.9918
双汇发展,000895.SZ,20191126,32.13,20.4883,1.967,4.4861,331928.219,10664853.6765
双汇发展,000895.SZ,20191125,31.2,19.8953,1.91,4.6198,331928.219,10356160.4328
双汇发展,000895.SZ,20191122,31.16,19.8698,1.9076,4.6258,331928.219,10342883.304
双汇发展,000895.SZ,20191121,31.49,20.0802,1.9278,4.5773,331928.219,10452419.6163
双汇发展,000895.SZ,20191120,32.07,20.4501,1.9633,4.4945,331928.219,10644937.9833
双汇发展,000895.SZ,20191119,32.11,20.4756,1.9657,4.4889,331928.219,10658215.1121
双汇发展,000895.SZ,20191118,32.23,20.5521,1.9731,4.4722,331928.219,10698046.4984
双汇发展,000895.SZ,20191115,31.59,20.144,1.9339,4.5628,331928.219,10485612.4382
双汇发展,000895.SZ,20191114,31.7,20.2141,1.9406,4.547,331928.219,10522124.5423
双汇发展,000895.SZ,20191113,33.28,21.2217,2.0374,4.3311,331928.219,11046571.1283
双汇发展,000895.SZ,20191112,32.8,20.9156,2.008,4.3945,331928.219,10887245.5832
双汇发展,000895.SZ,20191111,32.7,20.8518,2.0019,4.4079,331928.219,10854052.7613
双汇发展,000895.SZ,20191108,33.47,21.3428,2.049,4.3065,331928.219,11109637.4899
双汇发展,000895.SZ,20191107,31.82,20.2907,1.948,4.5298,331928.219,10561955.9286
双汇发展,000895.SZ,20191106,31.94,20.3672,1.9553,4.5128,331928.219,10601787.3149
双汇发展,000895.SZ,20191105,32.5,20.7243,1.9896,4.435,331928.219,10787667.1175
双汇发展,000895.SZ,20191104,30.09,19.1875,1.8421,4.7902,331928.219,9987720.1097
双汇发展,000895.SZ,20191101,30.37,19.366,1.8592,4.7461,331928.219,10080660.011
双汇发展,000895.SZ,20191031,29.85,19.0345,1.8274,4.8288,331928.219,9908057.3372
双汇发展,000895.SZ,20191030,29.98,19.1174,1.8354,4.8078,331928.219,9951208.0056
双汇发展,000895.SZ,20191029,28.82,18.3777,1.7643,5.0013,331928.219,9566171.2716
双汇发展,000895.SZ,20191028,26.2,17.709,1.7194,5.5015,331928.219,8696519.3378
双汇发展,000895.SZ,20191025,26.21,17.7157,1.72,5.4994,331928.219,8699838.62
双汇发展,000895.SZ,20191024,26.19,17.7022,1.7187,5.5036,331928.219,8693200.0556
双汇发展,000895.SZ,20191023,26.51,17.9185,1.7397,5.4371,331928.219,8799417.0857
双汇发展,000895.SZ,20191022,27.01,18.2565,1.7725,5.3365,331928.219,8965381.1952
双汇发展,000895.SZ,20191021,26.29,17.7698,1.7253,5.4826,331928.219,8726392.8775
双汇发展,000895.SZ,20191018,26.08,17.6279,1.7115,5.5268,331928.219,8656687.9515
双汇发展,000895.SZ,20191017,26.06,17.6144,1.7102,5.531,331928.219,8650049.3871
双汇发展,000895.SZ,20191016,25.2,17.0331,1.6537,5.7198,331928.219,8364591.1188
双汇发展,000895.SZ,20191015,25.28,17.0871,1.659,5.7017,331928.219,8391145.3763
双汇发展,000895.SZ,20191014,25.01,16.9046,1.6413,5.7632,331928.219,8301524.7572
双汇发展,000895.SZ,20191011,24.33,16.445,1.5967,5.9243,331928.219,8075813.5683
双汇发展,000895.SZ,20191010,24.4,16.4923,1.6012,5.9073,331928.219,8099048.5436
双汇发展,000895.SZ,20191009,24.0,16.222,1.575,6.0058,331928.219,7966277.256
双汇发展,000895.SZ,20191008,24.38,16.4788,1.5999,5.9122,331928.219,8092409.9792
双汇发展,000895.SZ,20190930,24.7,16.6951,1.6209,5.8356,331928.219,8198627.0093
双汇发展,000895.SZ,20190927,24.07,16.2693,1.5796,5.9883,331928.219,7989512.2313
双汇发展,000895.SZ,20190926,23.79,16.08,1.5612,6.0588,331928.219,7896572.33
双汇发展,000895.SZ,20190925,24.0,16.1256,1.5656,6.0417,329955.8284,7918939.8816
双汇发展,000895.SZ,20190924,24.12,16.2062,1.5735,6.0116,329955.8284,7958534.581
双汇发展,000895.SZ,20190923,24.1,16.1928,1.5722,6.0166,329955.8284,7951935.4644
双汇发展,000895.SZ,20190920,24.5,16.4615,1.5983,5.9184,329955.8284,8083917.7958
双汇发展,000895.SZ,20190919,24.63,16.5489,1.6067,5.8871,329955.8284,8126812.0535
双汇发展,000895.SZ,20190918,24.43,16.4145,1.5937,5.9353,329955.8284,8060820.8878
双汇发展,000895.SZ,20190917,24.38,16.3809,1.5904,5.9475,329955.8284,8044323.0964
双汇发展,000895.SZ,20190916,24.96,16.7706,1.6283,5.8093,329955.8284,8235697.4769
双汇发展,000895.SZ,20190912,23.58,15.8434,1.5382,6.1493,329955.8284,7780358.4337
双汇发展,000895.SZ,20190911,23.47,15.7695,1.5311,6.1781,329955.8284,7744063.2925
双汇发展,000895.SZ,20190910,23.82,16.0046,1.5539,6.0873,329955.8284,7859547.8325
双汇发展,000895.SZ,20190909,23.65,15.8904,1.5428,6.1311,329955.8284,7803455.3417
双汇发展,000895.SZ,20190906,23.46,15.7627,1.5304,6.1807,329955.8284,7740763.7343
双汇发展,000895.SZ,20190905,22.75,15.2857,1.4841,6.3736,329955.8284,7506495.0961
双汇发展,000895.SZ,20190904,21.93,14.7347,1.4306,6.6119,329955.8284,7235931.3168
双汇发展,000895.SZ,20190903,22.19,14.9094,1.4476,6.5345,329955.8284,7321719.8322
双汇发展,000895.SZ,20190902,22.35,15.0169,1.458,6.4877,329955.8284,7374512.7647
双汇发展,000895.SZ,20190830,22.36,15.0237,1.4587,6.4848,329955.8284,7377812.323
双汇发展,000895.SZ,20190829,22.39,15.0438,1.4606,6.4761,329955.8284,7387710.9979
双汇发展,000895.SZ,20190828,22.4,15.0505,1.4613,6.4732,329955.8284,7391010.5562
双汇发展,000895.SZ,20190827,22.55,15.1513,1.471,6.4302,329955.8284,7440503.9304
双汇发展,000895.SZ,20190826,22.55,15.1513,1.471,6.4302,329955.8284,7440503.9304
双汇发展,000895.SZ,20190812,21.87,14.0668,1.4807,6.6301,329955.8284,7216133.9671
双汇发展,000895.SZ,20190809,21.85,14.054,1.4794,6.6362,329955.8284,7209534.8505
双汇发展,000895.SZ,20190808,22.09,14.2083,1.4956,6.5641,329955.8284,7288724.2494
双汇发展,000895.SZ,20190807,21.57,13.8739,1.4604,6.7223,329955.8284,7117147.2186
双汇发展,000895.SZ,20190806,22.1,14.2148,1.4963,6.5611,329955.8284,7292023.8076
双汇发展,000895.SZ,20190805,22.71,14.6071,1.5376,6.3849,329955.8284,7493296.863
双汇发展,000895.SZ,20190802,23.62,15.1924,1.5992,6.1389,329955.8284,7793556.6668
双汇发展,000895.SZ,20190801,23.96,15.4111,1.6222,6.0518,329955.8284,7905741.6485
双汇发展,000895.SZ,20190731,24.01,15.4433,1.6256,6.0392,329955.8284,7922239.4399
双汇发展,000895.SZ,20190730,24.39,15.6877,1.6514,5.9451,329955.8284,8047622.6547
双汇发展,000895.SZ,20190729,24.33,15.6491,1.6473,5.9597,329955.8284,8027825.305
双汇发展,000895.SZ,20190726,24.42,15.707,1.6534,5.9378,329955.8284,8057521.3295
双汇发展,000895.SZ,20190725,24.5,15.7584,1.6588,5.9184,329955.8284,8083917.7958
双汇发展,000895.SZ,20190724,24.74,15.9128,1.6751,5.861,329955.8284,8163107.1946
双汇发展,000895.SZ,20190723,24.65,15.8549,1.669,5.8824,329955.8284,8133411.1701
双汇发展,000895.SZ,20190722,24.36,15.6684,1.6493,5.9524,329955.8284,8037723.9798
双汇发展,000895.SZ,20190719,24.22,15.5784,1.6399,5.9868,329955.8284,7991530.1638
双汇发展,000895.SZ,20190718,24.17,15.5462,1.6365,5.9992,329955.8284,7975032.3724
双汇发展,000895.SZ,20190717,24.66,15.8614,1.6696,5.88,329955.8284,8136710.7283
双汇发展,000895.SZ,20190716,24.57,15.8035,1.6635,5.9015,329955.8284,8107014.7038
双汇发展,000895.SZ,20190715,24.69,15.8807,1.6717,5.8728,329955.8284,8146609.4032
双汇发展,000895.SZ,20190712,24.9,16.0157,1.6859,5.8233,329955.8284,8215900.1272
双汇发展,000895.SZ,20190710,24.72,15.9,1.6737,5.8657,329955.8284,8156508.078
双汇发展,000895.SZ,20190709,24.95,16.0479,1.6893,5.8116,329955.8284,8232397.9186
双汇发展,000895.SZ,20190708,25.23,16.228,1.7082,5.7471,329955.8284,8324785.5505
双汇发展,000895.SZ,20190705,25.95,16.6911,1.757,5.5877,329955.8284,8562353.747
双汇发展,000895.SZ,20190704,26.18,16.839,1.7726,5.5386,329955.8284,8638243.5875
双汇发展,000895.SZ,20190703,26.21,16.8583,1.7746,5.5322,329955.8284,8648142.2624
双汇发展,000895.SZ,20190702,26.24,16.8776,1.7766,5.5259,329955.8284,8658040.9372
双汇发展,000895.SZ,20190701,25.94,16.6847,1.7563,5.5898,329955.8284,8559054.1887
双汇发展,000895.SZ,20190628,24.89,16.0093,1.6852,5.8256,329955.8284,8212600.5689
双汇发展,000895.SZ,20190627,25.06,16.1186,1.6967,5.7861,329955.8284,8268693.0597
双汇发展,000895.SZ,20190626,25.0,16.08,1.6927,5.8,329955.8284,8248895.71
双汇发展,000895.SZ,20190625,24.72,15.9,1.6737,5.8657,329955.8284,8156508.078
双汇发展,000895.SZ,20190624,24.81,15.9578,1.6798,5.8444,329955.8284,8186204.1026
双汇发展,000895.SZ,20190621,24.82,15.9643,1.6805,5.8421,329955.8284,8189503.6609
双汇发展,000895.SZ,20190620,24.82,15.9643,1.6805,5.8421,329955.8284,8189503.6609
双汇发展,000895.SZ,20190619,24.4,15.6941,1.652,5.9426,329955.8284,8050922.213
双汇发展,000895.SZ,20190618,24.33,15.6491,1.6473,5.9597,329955.8284,8027825.305
双汇发展,000895.SZ,20190617,24.19,15.5591,1.6378,5.9942,329955.8284,7981631.489
双汇发展,000895.SZ,20190614,24.07,15.4819,1.6297,6.0241,329955.8284,7942036.7896
双汇发展,000895.SZ,20190613,24.13,15.5205,1.6338,6.0091,329955.8284,7961834.1393
双汇发展,000895.SZ,20190612,24.45,15.7263,1.6554,5.9305,329955.8284,8067420.0044
双汇发展,000895.SZ,20190611,24.83,15.9707,1.6812,5.8397,329955.8284,8192803.2192
双汇发展,000895.SZ,20190610,24.35,15.662,1.6487,5.9548,329955.8284,8034424.4215
双汇发展,000895.SZ,20190606,24.09,15.4947,1.631,6.0191,329955.8284,7948635.9062
双汇发展,000895.SZ,20190605,24.05,15.469,1.6283,6.0291,329955.8284,7935437.673
双汇发展,000895.SZ,20190604,24.08,15.4883,1.6304,6.0216,329955.8284,7945336.3479
双汇发展,000895.SZ,20190603,24.74,15.9128,1.6751,5.861,329955.8284,8163107.1946
双汇发展,000895.SZ,20190531,25.07,16.1251,1.6974,5.7838,329955.8284,8271992.618
双汇发展,000895.SZ,20190530,25.16,16.183,1.7035,5.7631,329955.8284,8301688.6425
双汇发展,000895.SZ,20190529,25.25,16.2408,1.7096,5.7426,329955.8284,8331384.6671
双汇发展,000895.SZ,20190528,25.68,16.5174,1.7387,5.6464,329955.8284,8473265.6733
双汇发展,000895.SZ,20190527,25.25,16.2408,1.7096,5.7426,329955.8284,8331384.6671
双汇发展,000895.SZ,20190524,24.81,15.9578,1.6798,5.8444,329955.8284,8186204.1026
双汇发展,000895.SZ,20190523,24.65,15.8549,1.669,5.8824,329955.8284,8133411.1701
双汇发展,000895.SZ,20190522,25.15,16.1765,1.7028,5.7654,329955.8284,8298389.0843
双汇发展,000895.SZ,20190521,25.18,16.1958,1.7048,5.7585,329955.8284,8308287.7591
双汇发展,000895.SZ,20190520,24.88,16.0029,1.6845,5.828,329955.8284,8209301.0106
双汇发展,000895.SZ,20190517,25.14,16.1701,1.7021,5.7677,329955.8284,8295089.526
双汇发展,000895.SZ,20190516,26.0,16.7233,1.7604,5.5769,329955.8284,8578851.5384
双汇发展,000895.SZ,20190515,26.14,16.8133,1.7698,5.5471,329955.8284,8625045.3544
双汇发展,000895.SZ,20190514,25.24,16.2344,1.7089,5.7448,329955.8284,8328085.1088
双汇发展,000895.SZ,20190513,25.21,16.2151,1.7069,5.7517,329955.8284,8318186.434
双汇发展,000895.SZ,20190510,25.36,16.3116,1.717,5.7177,329955.8284,8367679.8082
双汇发展,000895.SZ,20190509,24.82,15.9643,1.6805,5.8421,329955.8284,8189503.6609
双汇发展,000895.SZ,20190508,26.04,16.749,1.7631,5.5684,329955.8284,8592049.7715
双汇发展,000895.SZ,20190507,27.75,17.8489,1.8789,5.2252,329955.8284,9156274.2381
双汇发展,000895.SZ,20190506,26.3,16.9162,1.7807,5.5133,329955.8284,8677838.2869
双汇发展,000895.SZ,20190430,27.83,17.9003,1.8843,5.2102,329955.8284,9182670.7044
双汇发展,000895.SZ,20190429,26.3,17.6576,1.7794,5.5133,329955.8284,8677838.2869
双汇发展,000895.SZ,20190426,25.9,17.3891,1.7524,9.8456,329955.8284,8545855.9556
双汇发展,000895.SZ,20190425,26.76,17.9665,1.8106,9.5291,329955.8284,8829617.968
双汇发展,000895.SZ,20190424,26.85,18.0269,1.8166,9.4972,329955.8284,8859313.9925
双汇发展,000895.SZ,20190423,26.95,18.094,1.8234,9.462,329955.8284,8892309.5754
双汇发展,000895.SZ,20190422,25.78,17.3085,1.7443,9.8914,329955.8284,8506261.2562
双汇发展,000895.SZ,20190419,26.75,17.9597,1.8099,7.4766,329955.8284,8826318.4097
双汇发展,000895.SZ,20190418,27.2,18.2619,1.8403,7.3529,329955.8284,8974798.5325
双汇发展,000895.SZ,20190417,27.38,18.3827,1.8525,7.3046,329955.8284,9034190.5816
双汇发展,000895.SZ,20190416,27.04,18.1544,1.8295,7.3964,329955.8284,8922005.5999
双汇发展,000895.SZ,20190415,26.54,17.8188,1.7957,7.5358,329955.8284,8757027.6857
双汇发展,000895.SZ,20190412,26.69,17.9195,1.8058,7.4934,329955.8284,8806521.06
双汇发展,000895.SZ,20190411,26.38,17.7113,1.7848,7.5815,329955.8284,8704234.7532
双汇发展,000895.SZ,20190410,27.53,18.4834,1.8627,7.2648,329955.8284,9083683.9559
双汇发展,000895.SZ,20190409,27.48,18.4499,1.8593,7.278,329955.8284,9067186.1644
双汇发展,000895.SZ,20190408,26.71,17.9329,1.8072,7.4878,329955.8284,8813120.1766
双汇发展,000895.SZ,20190404,26.04,17.4831,1.7618,7.6805,329955.8284,8592049.7715
双汇发展,000895.SZ,20190403,25.8,17.3219,1.7456,7.7519,329955.8284,8512860.3727
双汇发展,000895.SZ,20190402,25.88,17.3756,1.751,7.728,329955.8284,8539256.839
双汇发展,000895.SZ,20190401,26.31,17.6643,1.7801,7.6017,329955.8284,8681137.8452
双汇发展,000895.SZ,20190329,25.85,17.3555,1.749,7.7369,329955.8284,8529358.1641
双汇发展,000895.SZ,20190328,25.12,16.8654,1.6996,7.9618,329955.8284,8288490.4094
双汇发展,000895.SZ,20190327,25.3,16.9862,1.7118,7.9051,329955.8284,8347882.4585
双汇发展,000895.SZ,20190326,24.8,16.6505,1.6779,8.0645,329955.8284,8182904.5443
双汇发展,000895.SZ,20190325,24.9,16.7177,1.6847,8.0321,329955.8284,8215900.1272
双汇发展,000895.SZ,20190322,25.78,17.3085,1.7443,7.758,329955.8284,8506261.2562
双汇发展,000895.SZ,20190321,26.31,17.6643,1.7801,7.6017,329955.8284,8681137.8452
双汇发展,000895.SZ,20190320,26.39,17.718,1.7855,7.5786,329955.8284,8707534.3115
双汇发展,000895.SZ,20190319,25.58,17.1742,1.7307,7.8186,329955.8284,8440270.0905
双汇发展,000895.SZ,20190318,25.81,17.3286,1.7463,7.7489,329955.8284,8516159.931
双汇发展,000895.SZ,20190315,25.32,17.331,1.6812,7.8989,329955.8284,8354481.5751
双汇发展,000895.SZ,20190314,25.16,17.2215,1.6706,7.9491,329955.8284,8301688.6425
双汇发展,000895.SZ,20190313,25.24,17.2763,1.6759,7.9239,329955.8284,8328085.1088
双汇发展,000895.SZ,20190312,25.97,17.7759,1.7244,7.7012,329955.8284,8568952.8635
双汇发展,000895.SZ,20190311,24.25,16.5986,1.6102,8.2474,329955.8284,8001428.8387
双汇发展,000895.SZ,20190308,23.81,16.2975,1.5809,8.3998,329955.8284,7856248.2742
双汇发展,000895.SZ,20190307,24.2,16.5644,1.6068,8.2645,329955.8284,7984931.0473
双汇发展,000895.SZ,20190306,24.62,16.8519,1.6347,8.1235,329955.8284,8123512.4952
双汇发展,000895.SZ,20190305,24.94,17.0709,1.656,8.0192,329955.8284,8229098.3603
双汇发展,000895.SZ,20190304,25.07,17.1599,1.6646,7.9777,329955.8284,8271992.618
双汇发展,000895.SZ,20190301,24.29,16.626,1.6128,8.2338,329955.8284,8014627.0718
双汇发展,000895.SZ,20190228,24.15,16.5302,1.6035,8.2816,329955.8284,7968433.2559
双汇发展,000895.SZ,20190227,23.94,16.3864,1.5896,8.3542,329955.8284,7899142.5319
双汇发展,000895.SZ,20190226,24.08,16.4823,1.5989,8.3056,329955.8284,7945336.3479
双汇发展,000895.SZ,20190225,24.77,16.9546,1.6447,8.0743,329955.8284,8173005.8695
双汇发展,000895.SZ,20190222,24.12,16.5096,1.6015,8.2919,329955.8284,7958534.581
双汇发展,000895.SZ,20190221,24.56,16.8108,1.6307,8.1433,329955.8284,8103715.1455
双汇发展,000895.SZ,20190220,24.75,16.9409,1.6434,8.0808,329955.8284,8166406.7529
双汇发展,000895.SZ,20190219,24.89,17.0367,1.6527,8.0354,329955.8284,8212600.5689
双汇发展,000895.SZ,20190218,25.54,17.4816,1.6958,7.8309,329955.8284,8427071.8573
双汇发展,000895.SZ,20190215,25.16,17.2215,1.6706,7.9491,329955.8284,8301688.6425
双汇发展,000895.SZ,20190214,25.77,17.639,1.7111,7.761,329955.8284,8502961.6979
双汇发展,000895.SZ,20190213,25.4,17.3858,1.6865,7.874,329955.8284,8380878.0414
双汇发展,000895.SZ,20190212,25.33,17.3379,1.6819,7.8958,329955.8284,8357781.1334
双汇发展,000895.SZ,20190211,25.63,17.5432,1.7018,7.8034,329955.8284,8456767.8819
双汇发展,000895.SZ,20190201,25.11,17.1873,1.6673,7.965,329955.8284,8285190.8511
双汇发展,000895.SZ,20190131,25.0,17.112,1.66,8.0,329955.8284,8248895.71
双汇发展,000895.SZ,20190130,24.38,16.6876,1.6188,8.2034,329955.8284,8044323.0964
双汇发展,000895.SZ,20190129,24.66,16.8793,1.6374,8.1103,329955.8284,8136710.7283
双汇发展,000895.SZ,20190128,24.14,16.5233,1.6029,8.285,329955.8284,7965133.6976
双汇发展,000895.SZ,20190118,24.5,16.7697,1.6268,8.1633,329955.8284,8083917.7958
双汇发展,000895.SZ,20190117,24.5,16.7697,1.6268,8.1633,329955.8284,8083917.7958
双汇发展,000895.SZ,20190116,25.06,17.1531,1.6639,7.9808,329955.8284,8268693.0597
双汇发展,000895.SZ,20190115,24.96,17.0846,1.6573,8.0128,329955.8284,8235697.4769
双汇发展,000895.SZ,20190114,24.46,16.7424,1.6241,8.1766,329955.8284,8070719.5627
双汇发展,000895.SZ,20190111,24.7,16.9066,1.64,8.0972,329955.8284,8149908.9615
双汇发展,000895.SZ,20190110,24.74,16.934,1.6427,8.0841,329955.8284,8163107.1946
双汇发展,000895.SZ,20190109,24.76,16.9477,1.644,8.0775,329955.8284,8169706.3112
双汇发展,000895.SZ,20190108,24.79,16.9682,1.646,8.0678,329955.8284,8179604.986
双汇发展,000895.SZ,20190107,24.95,17.0778,1.6566,8.016,329955.8284,8232397.9186
双汇发展,000895.SZ,20190104,24.02,16.4412,1.5949,8.3264,329955.8284,7925538.9982
双汇发展,000895.SZ,20190103,23.27,15.9278,1.5451,8.5948,329955.8284,7678072.1269
双汇发展,000895.SZ,20190102,24.0,16.4275,1.5936,8.3333,329955.8284,7918939.8816
双汇发展,000895.SZ,20181228,23.59,16.1469,1.5663,8.4782,329955.8284,7783657.992
双汇发展,000895.SZ,20181227,23.89,16.3522,1.5863,8.3717,329955.8284,7882644.7405
双汇发展,000895.SZ,20181226,23.75,16.2564,1.577,8.4211,329955.8284,7836450.9245
双汇发展,000895.SZ,20181225,23.6,16.1537,1.567,8.4746,329955.8284,7786957.5502
双汇发展,000895.SZ,20181224,23.8,16.2906,1.5803,8.4034,329955.8284,7852948.7159
双汇发展,000895.SZ,20181221,23.55,16.1195,1.5637,8.4926,329955.8284,7770459.7588
双汇发展,000895.SZ,20181220,23.32,15.9621,1.5484,8.5763,329955.8284,7694569.9183
双汇发展,000895.SZ,20181219,22.98,15.7293,1.5258,8.7032,329955.8284,7582384.9366
双汇发展,000895.SZ,20181218,22.84,15.6335,1.5165,8.7566,329955.8284,7536191.1207
双汇发展,000895.SZ,20181217,22.6,15.4692,1.5006,8.8496,329955.8284,7457001.7218
双汇发展,000895.SZ,20181214,22.5,15.4008,1.494,8.8889,329955.8284,7424006.139
双汇发展,000895.SZ,20181213,23.17,15.8594,1.5384,8.6319,329955.8284,7645076.544
双汇发展,000895.SZ,20181212,22.85,15.6404,1.5172,8.7527,329955.8284,7539490.6789
双汇发展,000895.SZ,20181211,22.38,15.3186,1.486,8.9366,329955.8284,7384411.4396
双汇发展,000895.SZ,20181210,22.55,15.435,1.4973,8.8692,329955.8284,7440503.9304
双汇发展,000895.SZ,20181207,22.59,15.4624,1.4999,8.8535,329955.8284,7453702.1636
双汇发展,000895.SZ,20181206,23.49,16.0784,1.5597,4.6828,329955.8284,7750662.4091
双汇发展,000895.SZ,20181205,24.01,16.4343,1.5942,4.5814,329955.8284,7922239.4399
双汇发展,000895.SZ,20181204,23.97,16.407,1.5916,4.5891,329955.8284,7909041.2067
双汇发展,000895.SZ,20181203,24.05,16.4617,1.5969,4.5738,329955.8284,7935437.673
双汇发展,000895.SZ,20181130,22.9,15.6746,1.5205,4.8035,329955.8284,7555988.4704
双汇发展,000895.SZ,20181129,22.24,15.2228,1.4767,4.946,329955.8284,7338217.6236
双汇发展,000895.SZ,20181128,22.55,15.435,1.4973,4.878,329955.8284,7440503.9304
双汇发展,000895.SZ,20181127,22.4,15.3323,1.4873,4.9107,329955.8284,7391010.5562
双汇发展,000895.SZ,20181126,22.05,15.0928,1.4641,4.9887,329955.8284,7275526.0162
双汇发展,000895.SZ,20181123,22.75,15.5719,1.5106,4.8352,329955.8284,7506495.0961
双汇发展,000895.SZ,20181122,23.12,15.8252,1.5351,4.7578,329955.8284,7628578.7526
双汇发展,000895.SZ,20181121,23.35,15.9826,1.5504,4.7109,329955.8284,7704468.5931
双汇发展,000895.SZ,20181120,23.03,15.7636,1.5292,4.7764,329955.8284,7598882.7281
双汇发展,000895.SZ,20181119,23.6,16.1537,1.567,4.661,329955.8284,7786957.5502
双汇发展,000895.SZ,20181116,23.86,16.3317,1.5843,4.6102,329955.8284,7872746.0656
双汇发展,000895.SZ,20181115,23.72,16.2359,1.575,4.6374,329955.8284,7826552.2496
双汇发展,000895.SZ,20181114,23.56,16.1263,1.5643,4.6689,329955.8284,7773759.3171
双汇发展,000895.SZ,20181113,23.55,16.1195,1.5637,4.6709,329955.8284,7770459.7588
双汇发展,000895.SZ,20181112,23.31,15.9552,1.5477,4.719,329955.8284,7691270.36
双汇发展,000895.SZ,20181109,23.31,15.9552,1.5477,4.719,329955.8284,7691270.36
双汇发展,000895.SZ,20181108,23.15,15.8457,1.5371,4.7516,329955.8284,7638477.4275
双汇发展,000895.SZ,20181107,22.73,15.5582,1.5092,4.8394,329955.8284,7499895.9795
双汇发展,000895.SZ,20181106,22.47,15.3803,1.492,4.8954,329955.8284,7414107.4641
双汇发展,000895.SZ,20181105,22.54,15.4282,1.4966,4.8802,329955.8284,7437204.3721
双汇发展,000895.SZ,20181102,22.85,15.6404,1.5172,4.814,329955.8284,7539490.6789
双汇发展,000895.SZ,20181101,21.7,14.8532,1.4408,5.0691,329955.8284,7160041.4763
双汇发展,000895.SZ,20181031,22.54,15.4282,1.4966,4.8802,329955.8284,7437204.3721
双汇发展,000895.SZ,20181030,21.89,15.0456,1.4425,5.0251,329955.8284,7222733.0837
双汇发展,000895.SZ,20181029,21.48,14.7637,1.4155,5.121,329955.8284,7087451.194
双汇发展,000895.SZ,20181026,22.62,15.5473,1.4906,4.863,329955.8284,7463600.8384
双汇发展,000895.SZ,20181025,23.06,15.8497,1.5196,4.7702,329955.8284,7608781.4029
双汇发展,000895.SZ,20181024,22.99,15.8016,1.515,4.7847,329955.8284,7585684.4949
双汇发展,000895.SZ,20181023,23.78,16.3446,1.567,4.6257,329955.8284,7846349.5994
双汇发展,000895.SZ,20181022,24.79,17.0388,1.6336,4.4373,329955.8284,8179604.986
双汇发展,000895.SZ,20181019,23.86,16.3996,1.5723,4.6102,329955.8284,7872746.0656
双汇发展,000895.SZ,20181018,23.29,16.0078,1.5347,4.7231,329955.8284,7684671.2434
双汇发展,000895.SZ,20181017,23.29,16.0078,1.5347,4.7231,329955.8284,7684671.2434
双汇发展,000895.SZ,20181016,23.26,15.9872,1.5328,4.7291,329955.8284,7674772.5686
双汇发展,000895.SZ,20181015,23.24,15.9734,1.5314,4.7332,329955.8284,7668173.452
双汇发展,000895.SZ,20181012,24.98,17.1694,1.6461,4.4035,329955.8284,8242296.5934
双汇发展,000895.SZ,20181011,24.61,16.9151,1.6217,4.4697,329955.8284,8120212.9369
双汇发展,000895.SZ,20181010,25.35,17.4237,1.6705,4.3393,329955.8284,8364380.2499
双汇发展,000895.SZ,20181009,25.09,17.245,1.6534,4.3842,329955.8284,8278591.7346
双汇发展,000895.SZ,20181008,25.09,17.245,1.6534,4.3842,329955.8284,8278591.7346
双汇发展,000895.SZ,20180928,26.15,17.9736,1.7232,4.2065,329955.8284,8628344.9127
双汇发展,000895.SZ,20180927,25.7,17.6643,1.6935,4.2802,329955.8284,8479864.7899
双汇发展,000895.SZ,20180926,26.11,17.9461,1.7206,4.2129,329955.8284,8615146.6795
双汇发展,000895.SZ,20180925,25.87,17.7811,1.7048,4.252,329955.8284,8535957.2807
双汇发展,000895.SZ,20180921,26.06,17.9117,1.7173,4.221,329955.8284,8598648.8881
双汇发展,000895.SZ,20180920,25.0,17.1831,1.6474,4.4,329955.8284,8248895.71
双汇发展,000895.SZ,20180919,24.28,16.6883,1.6,4.5305,329955.8284,8011327.5136
双汇发展,000895.SZ,20180918,23.97,16.4752,1.5795,4.5891,329955.8284,7909041.2067
双汇发展,000895.SZ,20180917,23.78,16.3446,1.567,4.6257,329955.8284,7846349.5994
双汇发展,000895.SZ,20180914,24.15,16.5989,1.5914,4.5549,329955.8284,7968433.2559
双汇发展,000895.SZ,20180913,23.8,16.3583,1.5683,4.6218,329955.8284,7852948.7159
双汇发展,000895.SZ,20180912,23.6,16.2209,1.5552,4.661,329955.8284,7786957.5502
双汇发展,000895.SZ,20180911,23.93,16.4477,1.5769,4.5967,329955.8284,7895842.9736
双汇发展,000895.SZ,20180910,23.92,16.4408,1.5763,4.5987,329955.8284,7892543.4153
双汇发展,000895.SZ,20180907,24.0,16.4958,1.5815,4.5833,329955.8284,7918939.8816
双汇发展,000895.SZ,20180906,23.49,16.1453,1.5479,4.6828,329955.8284,7750662.4091
双汇发展,000895.SZ,20180905,23.98,16.4821,1.5802,4.5872,329955.8284,7912340.765
双汇发展,000895.SZ,20180904,23.71,16.2965,1.5624,4.6394,329955.8284,7823252.6914
双汇发展,000895.SZ,20180903,23.38,16.0697,1.5407,4.7049,329955.8284,7714367.268
双汇发展,000895.SZ,20180831,23.3,16.0147,1.5354,4.721,329955.8284,7687970.8017
双汇发展,000895.SZ,20180830,23.62,16.2346,1.5565,4.6571,329955.8284,7793556.6668
双汇发展,000895.SZ,20180829,23.92,16.4408,1.5763,4.5987,329955.8284,7892543.4153
双汇发展,000895.SZ,20180828,24.26,16.6745,1.5987,4.5342,329955.8284,8004728.397
双汇发展,000895.SZ,20180827,23.95,16.4614,1.5782,4.5929,329955.8284,7902442.0902
双汇发展,000895.SZ,20180824,22.72,15.616,1.4972,4.8415,329955.8284,7496596.4212
双汇发展,000895.SZ,20180823,23.06,15.8497,1.5196,4.7702,329955.8284,7608781.4029
双汇发展,000895.SZ,20180822,22.86,15.7123,1.5064,4.8119,329955.8284,7542790.2372
双汇发展,000895.SZ,20180821,22.64,15.561,1.4919,4.8587,329955.8284,7470199.955
双汇发展,000895.SZ,20180820,22.4,15.3961,1.4761,4.9107,329955.8284,7391010.5562
双汇发展,000895.SZ,20180817,22.56,15.5061,1.4866,4.8759,329955.8284,7443803.4887
双汇发展,000895.SZ,20180816,22.41,15.403,1.4767,4.9085,329955.8284,7394310.1144
双汇发展,000895.SZ,20180815,24.9,17.1144,1.6408,4.4177,329955.8284,8215900.1272
双汇发展,000895.SZ,20180814,24.01,17.5871,1.5772,4.5814,329955.8284,7922239.4399
双汇发展,000895.SZ,20180813,24.0,17.5798,1.5765,4.5833,329955.8284,7918939.8816
双汇发展,000895.SZ,20180810,24.18,17.7116,1.5884,4.5492,329955.8284,7978331.9307
双汇发展,000895.SZ,20180809,23.9,17.5065,1.57,4.6025,329955.8284,7885944.2988
双汇发展,000895.SZ,20180808,23.31,17.0744,1.5312,4.719,329955.8284,7691270.36
双汇发展,000895.SZ,20180807,23.62,17.3014,1.5516,4.6571,329955.8284,7793556.6668
双汇发展,000895.SZ,20180806,22.99,16.84,1.5102,4.7847,329955.8284,7585684.4949
双汇发展,000895.SZ,20180803,24.13,17.675,1.5851,4.5586,329955.8284,7961834.1393
双汇发展,000895.SZ,20180802,26.0,19.0448,1.7079,4.2308,329955.8284,8578851.5384
双汇发展,000895.SZ,20180801,25.66,18.7957,1.6856,4.2868,329955.8284,8466666.5567
双汇发展,000895.SZ,20180731,25.23,18.4807,1.6573,4.3599,329955.8284,8324785.5505
双汇发展,000895.SZ,20180730,25.72,18.8397,1.6895,4.2768,329955.8284,8486463.9064
双汇发展,000895.SZ,20180727,26.4,19.3377,1.7342,4.1667,329955.8284,8710833.8698
双汇发展,000895.SZ,20180726,25.81,18.9056,1.6954,4.2619,329955.8284,8516159.931
双汇发展,000895.SZ,20180725,26.48,19.3963,1.7394,4.1541,329955.8284,8737230.336
双汇发展,000895.SZ,20180724,26.39,19.3304,1.7335,4.1682,329955.8284,8707534.3115
双汇发展,000895.SZ,20180723,26.14,19.1473,1.7171,4.2081,329955.8284,8625045.3544
双汇发展,000895.SZ,20180720,27.03,19.7992,1.7756,4.0696,329955.8284,8918706.0417
双汇发展,000895.SZ,20180719,26.65,19.5209,1.7506,4.1276,329955.8284,8793322.8269
双汇发展,000895.SZ,20180718,27.12,19.8651,1.7815,4.056,329955.8284,8948402.0662
双汇发展,000895.SZ,20180717,26.89,19.6967,1.7664,4.0907,329955.8284,8872512.2257
双汇发展,000895.SZ,20180716,26.74,19.5868,1.7565,4.1137,329955.8284,8823018.8514
双汇发展,000895.SZ,20180713,26.78,19.6161,1.7592,4.1075,329955.8284,8836217.0846
双汇发展,000895.SZ,20180712,26.08,19.1034,1.7132,4.2178,329955.8284,8605248.0047
双汇发展,000895.SZ,20180711,25.5,18.6785,1.6751,4.3137,329955.8284,8413873.6242
双汇发展,000895.SZ,20180710,25.57,18.7298,1.6797,4.3019,329955.8284,8436970.5322
双汇发展,000895.SZ,20180709,25.66,18.7957,1.6856,4.2868,329955.8284,8466666.5567
双汇发展,000895.SZ,20180706,24.7,18.0925,1.6225,4.4534,329955.8284,8149908.9615
双汇发展,000895.SZ,20180705,24.96,18.283,1.6396,4.4071,329955.8284,8235697.4769
双汇发展,000895.SZ,20180704,24.95,18.2756,1.6389,4.4088,329955.8284,8232397.9186
双汇发展,000895.SZ,20180703,25.6,18.7518,1.6816,4.2969,329955.8284,8446869.207
双汇发展,000895.SZ,20180702,25.15,18.4221,1.6521,4.3738,329955.8284,8298389.0843
双汇发展,000895.SZ,20180629,26.41,19.3451,1.7349,4.1651,329955.8284,8714133.428
双汇发展,000895.SZ,20180628,25.37,18.5833,1.6665,4.3358,329955.8284,8370979.3665
双汇发展,000895.SZ,20180627,25.7,18.825,1.6882,4.2802,329955.8284,8479864.7899
双汇发展,000895.SZ,20180626,26.9,19.704,1.767,4.0892,329955.8284,8875811.784
双汇发展,000895.SZ,20180625,26.92,19.7186,1.7684,4.0862,329955.8284,8882410.9005
双汇发展,000895.SZ,20180622,27.18,19.9091,1.7854,4.0471,329955.8284,8968199.4159
双汇发展,000895.SZ,20180621,26.72,19.5721,1.7552,4.1168,329955.8284,8816419.7348
双汇发展,000895.SZ,20180620,26.61,19.4916,1.748,4.1338,329955.8284,8780124.5937
双汇发展,000895.SZ,20180619,26.09,19.1107,1.7138,4.2162,329955.8284,8608547.563
双汇发展,000895.SZ,20180615,27.27,19.975,1.7913,4.0337,329955.8284,8997895.4405
双汇发展,000895.SZ,20180614,27.77,20.3413,1.8242,3.9611,329955.8284,9162873.3547
双汇发展,000895.SZ,20180613,27.89,20.4292,1.8321,3.9441,329955.8284,9202468.0541
双汇发展,000895.SZ,20180612,29.29,21.4546,1.924,3.7555,329955.8284,9664406.2138
双汇发展,000895.SZ,20180611,28.05,20.5464,1.8426,3.9216,329955.8284,9255260.9866
双汇发展,000895.SZ,20180608,28.7,21.0225,1.8853,3.8328,329955.8284,9469732.2751
双汇发展,000895.SZ,20180607,28.56,20.9199,1.8761,3.8515,329955.8284,9423538.4591
双汇发展,000895.SZ,20180606,28.85,21.1324,1.8951,3.8128,329955.8284,9519225.6493
双汇发展,000895.SZ,20180605,29.2,21.3887,1.9181,3.7671,329955.8284,9634710.1893
双汇发展,000895.SZ,20180604,29.39,21.5279,1.9306,3.7428,329955.8284,9697401.7967
双汇发展,000895.SZ,20180601,28.65,20.9859,1.882,3.8394,329955.8284,9453234.4837
双汇发展,000895.SZ,20180531,29.3,21.462,1.9247,3.7543,329955.8284,9667705.7721
双汇发展,000895.SZ,20180530,28.25,20.6929,1.8557,3.8938,329955.8284,9321252.1523
双汇发展,000895.SZ,20180529,27.64,20.246,1.8156,3.9797,329955.8284,9119979.097
双汇发展,000895.SZ,20180528,27.5,20.1435,1.8065,4.0,329955.8284,9073785.281
双汇发展,000895.SZ,20180525,26.4,19.3377,1.7342,4.1667,329955.8284,8710833.8698
双汇发展,000895.SZ,20180524,26.0,19.0448,1.7079,4.2308,329955.8284,8578851.5384
双汇发展,000895.SZ,20180523,26.42,19.3524,1.7355,4.1635,329955.8284,8717432.9863
双汇发展,000895.SZ,20180522,27.0,19.7772,1.7736,4.0741,329955.8284,8908807.3668
双汇发展,000895.SZ,20180521,27.08,19.8358,1.7789,4.062,329955.8284,8935203.8331
双汇发展,000895.SZ,20180518,27.33,20.019,1.7953,4.0249,329955.8284,9017692.7902
双汇发展,000895.SZ,20180517,26.58,19.4696,1.746,4.1384,329955.8284,8770225.9189
双汇发展,000895.SZ,20180516,26.97,19.7553,1.7716,4.0786,329955.8284,8898908.6919
双汇发展,000895.SZ,20180515,26.92,19.7186,1.7684,4.0862,329955.8284,8882410.9005
双汇发展,000895.SZ,20180514,26.9,19.704,1.767,4.0892,329955.8284,8875811.784
双汇发展,000895.SZ,20180511,26.15,19.1546,1.7178,4.2065,329955.8284,8628344.9127
双汇发展,000895.SZ,20180510,26.25,19.2279,1.7243,8.7619,329955.8284,8661340.4955
双汇发展,000895.SZ,20180509,25.6,18.7518,1.6816,8.9844,329955.8284,8446869.207
双汇发展,000895.SZ,20180508,25.5,18.6785,1.6751,9.0196,329955.8284,8413873.6242
双汇发展,000895.SZ,20180507,24.93,18.261,1.6376,9.2258,329955.8284,8225798.802
双汇发展,000895.SZ,20180504,24.21,17.7336,1.5903,9.5002,329955.8284,7988230.6056
双汇发展,000895.SZ,20180503,24.55,17.9826,1.6127,9.3686,329955.8284,8100415.5872
双汇发展,000895.SZ,20180502,24.76,18.1365,1.6265,9.2892,329955.8284,8169706.3112
双汇发展,000895.SZ,20180427,25.01,18.3196,1.6429,9.1963,329955.8284,8252195.2683
双汇发展,000895.SZ,20180426,26.35,19.3011,1.7309,4.5541,329955.8284,8694336.0783
双汇发展,000895.SZ,20180425,26.4,19.3377,1.7342,4.5455,329955.8284,8710833.8698
双汇发展,000895.SZ,20180424,26.06,19.9075,1.7045,4.6048,329955.8284,8598648.8881
双汇发展,000895.SZ,20180423,25.67,19.6096,1.679,4.6747,329955.8284,8469966.115
双汇发展,000895.SZ,20180420,25.88,19.77,1.6927,4.6368,329955.8284,8539256.839
双汇发展,000895.SZ,20180419,25.86,19.7547,1.6914,4.6404,329955.8284,8532657.7224
双汇发展,000895.SZ,20180418,25.03,19.1207,1.6371,4.7942,329955.8284,8258794.3849
双汇发展,000895.SZ,20180417,25.21,19.2582,1.6489,4.76,329955.8284,8318186.434
双汇发展,000895.SZ,20180416,25.73,19.6554,1.6829,4.6638,329955.8284,8489763.4647
双汇发展,000895.SZ,20180413,25.34,19.3575,1.6574,4.7356,329955.8284,8361080.6917
双汇发展,000895.SZ,20180412,25.9,19.7853,1.694,4.6332,329955.8284,8545855.9556
双汇发展,000895.SZ,20180411,26.14,19.9686,1.7097,4.5907,329955.8284,8625045.3544
双汇发展,000895.SZ,20180410,25.82,19.7242,1.6888,4.6476,329955.8284,8519459.4893
双汇发展,000895.SZ,20180409,25.38,19.388,1.66,4.7281,329955.8284,8374278.9248
双汇发展,000895.SZ,20180404,25.6,19.5561,1.6744,4.6875,329955.8284,8446869.207
双汇发展,000895.SZ,20180403,24.53,18.7387,1.6044,4.892,329955.8284,8093816.4707
双汇发展,000895.SZ,20180402,24.8,18.945,1.6221,4.8387,329955.8284,8182904.5443
双汇发展,000895.SZ,20180330,25.6,19.5561,1.6744,4.6875,329955.8284,8446869.207
双汇发展,000895.SZ,20180329,25.48,19.4644,1.6665,4.7096,329955.8284,8407274.5076
双汇发展,000895.SZ,20180328,24.79,18.9373,1.6214,4.8407,329955.8284,8179604.986
双汇发展,000895.SZ,20180327,25.32,19.3422,1.6561,4.7393,329955.8284,8354481.5751
双汇发展,000895.SZ,20180326,25.32,19.5243,1.6465,4.7393,329955.8284,8354481.5751
双汇发展,000895.SZ,20180323,26.74,20.6192,1.7389,4.4877,329955.8284,8823018.8514
双汇发展,000895.SZ,20180322,26.94,20.7734,1.7519,4.4543,329955.8284,8889010.0171
双汇发展,000895.SZ,20180321,27.82,21.452,1.8091,4.3134,329955.8284,9179371.1461
双汇发展,000895.SZ,20180320,28.05,21.6294,1.8241,4.2781,329955.8284,9255260.9866
双汇发展,000895.SZ,20180319,27.9,21.5137,1.8143,4.3011,329955.8284,9205767.6124
双汇发展,000895.SZ,20180316,28.0,21.5908,1.8208,4.2857,329955.8284,9238763.1952
双汇发展,000895.SZ,20180315,28.52,21.9918,1.8546,4.2076,329955.8284,9410340.226
双汇发展,000895.SZ,20180314,28.61,22.0612,1.8605,4.1943,329955.8284,9440036.2505
双汇发展,000895.SZ,20180313,28.02,21.6062,1.8221,4.2827,329955.8284,9245362.3118
双汇发展,000895.SZ,20180312,28.5,21.9764,1.8533,4.2105,329955.8284,9403741.1094
双汇发展,000895.SZ,20180309,28.5,21.9764,1.8533,4.2105,329955.8284,9403741.1094
双汇发展,000895.SZ,20180308,28.08,21.6525,1.826,4.2735,329955.8284,9265159.6615
双汇发展,000895.SZ,20180307,27.48,21.1898,1.787,4.3668,329955.8284,9067186.1644
双汇发展,000895.SZ,20180306,27.95,21.5522,1.8176,4.2934,329955.8284,9222265.4038
双汇发展,000895.SZ,20180305,27.31,21.0587,1.776,4.394,329955.8284,9011093.6736
双汇发展,000895.SZ,20180302,27.74,21.3903,1.8039,4.3259,329955.8284,9152974.6798
双汇发展,000895.SZ,20180301,27.47,21.1821,1.7864,4.3684,329955.8284,9063886.6061
双汇发展,000895.SZ,20180228,27.11,20.9045,1.7629,4.4264,329955.8284,8945102.5079
双汇发展,000895.SZ,20180227,27.04,20.8505,1.7584,4.4379,329955.8284,8922005.5999
双汇发展,000895.SZ,20180226,27.81,21.4443,1.8085,4.315,329955.8284,9176071.5878
双汇发展,000895.SZ,20180223,27.39,21.1204,1.7812,4.3812,329955.8284,9037490.1399
双汇发展,000895.SZ,20180222,27.54,21.2361,1.7909,4.3573,329955.8284,9086983.5141
双汇发展,000895.SZ,20180214,26.8,20.6655,1.7428,4.4776,329955.8284,8842816.2011
双汇发展,000895.SZ,20180213,26.84,20.6963,1.7454,4.4709,329955.8284,8856014.4343
双汇发展,000895.SZ,20180212,26.55,20.4727,1.7265,4.5198,329955.8284,8760327.244
双汇发展,000895.SZ,20180209,25.14,19.3855,1.6348,4.7733,329955.8284,8295089.526
双汇发展,000895.SZ,20180208,25.15,19.3932,1.6355,4.7714,329955.8284,8298389.0843
双汇发展,000895.SZ,20180207,25.82,19.9098,1.6791,4.6476,329955.8284,8519459.4893
双汇发展,000895.SZ,20180206,27.0,20.8197,1.7558,4.4444,329955.8284,8908807.3668
双汇发展,000895.SZ,20180205,27.9,21.5137,1.8143,4.3011,329955.8284,9205767.6124
双汇发展,000895.SZ,20180202,28.59,22.0458,1.8592,4.1973,329955.8284,9433437.134
双汇发展,000895.SZ,20180201,27.85,21.4751,1.8111,4.3088,329955.8284,9189269.8209
双汇发展,000895.SZ,20180131,27.89,21.506,1.8137,4.3026,329955.8284,9202468.0541
双汇发展,000895.SZ,20180130,27.49,21.1975,1.7877,4.3652,329955.8284,9070485.7227
双汇发展,000895.SZ,20180129,27.49,21.1975,1.7877,4.3652,329955.8284,9070485.7227
双汇发展,000895.SZ,20180126,28.4,21.8992,1.8468,4.2254,329955.8284,9370745.5266
双汇发展,000895.SZ,20180125,28.08,21.6525,1.826,4.2735,329955.8284,9265159.6615
双汇发展,000895.SZ,20180124,28.58,22.038,1.8585,4.1987,329955.8284,9430137.5757
双汇发展,000895.SZ,20180123,29.46,22.7166,1.9158,4.0733,329955.8284,9720498.7047
双汇发展,000895.SZ,20180122,29.62,22.84,1.9262,4.0513,329955.8284,9773291.6372
双汇发展,000895.SZ,20180119,28.73,22.1537,1.8683,4.1768,329955.8284,9479630.9499
双汇发展,000895.SZ,20180118,29.27,22.5701,1.9034,4.0998,329955.8284,9657807.0973
双汇发展,000895.SZ,20180117,28.86,22.2539,1.8767,4.158,329955.8284,9522525.2076
双汇发展,000895.SZ,20180116,29.66,22.8708,1.9288,4.0459,329955.8284,9786489.8703
双汇发展,000895.SZ,20180115,29.23,22.5393,1.9008,4.1054,329955.8284,9644608.8641
双汇发展,000895.SZ,20180112,28.17,21.7219,1.8319,4.2599,329955.8284,9294855.686
双汇发展,000895.SZ,20180111,27.94,21.5445,1.8169,4.2949,329955.8284,9218965.8455
双汇发展,000895.SZ,20180110,28.56,22.0226,1.8572,4.2017,329955.8284,9423538.4591
双汇发展,000895.SZ,20180109,27.33,21.0742,1.7773,4.3908,329955.8284,9017692.7902
双汇发展,000895.SZ,20180108,27.6,21.2824,1.7948,4.3478,329955.8284,9106780.8638
双汇发展,000895.SZ,20180105,27.99,21.5831,1.8202,4.2872,329955.8284,9235463.6369
双汇发展,000895.SZ,20180104,28.13,21.691,1.8293,4.2659,329955.8284,9281657.4529
双汇发展,000895.SZ,20180103,27.55,21.2438,1.7916,4.3557,329955.8284,9090283.0724
双汇发展,000895.SZ,20180102,27.43,21.1513,1.7838,4.3748,329955.8284,9050688.373
双汇发展,000895.SZ,20171229,26.5,20.4342,1.7233,4.5283,329955.8284,8743829.4526
双汇发展,000895.SZ,20171228,26.6,20.5113,1.7298,4.5113,329955.8284,8776825.0354
双汇发展,000895.SZ,20171227,26.42,20.3725,1.7181,4.542,329955.8284,8717432.9863
双汇发展,000895.SZ,20171226,27.11,20.9045,1.7629,4.4264,329955.8284,8945102.5079
双汇发展,000895.SZ,20171225,27.76,21.4057,1.8052,4.3228,329955.8284,9159573.7964
双汇发展,000895.SZ,20171222,27.4,21.1281,1.7818,4.3796,329955.8284,9040789.6982
双汇发展,000895.SZ,20171221,27.45,21.1667,1.7851,4.3716,329955.8284,9057287.4896
双汇发展,000895.SZ,20171220,27.06,20.866,1.7597,4.4346,329955.8284,8928604.7165
双汇发展,000895.SZ,20171219,26.97,20.7966,1.7538,4.4494,329955.8284,8898908.6919
双汇发展,000895.SZ,20171218,26.24,20.2337,1.7064,4.5732,329955.8284,8658040.9372
双汇发展,000895.SZ,20171215,26.3,20.2799,1.7103,4.5627,329955.8284,8677838.2869
双汇发展,000895.SZ,20171214,26.61,20.519,1.7304,4.5096,329955.8284,8780124.5937
双汇发展,000895.SZ,20171213,26.55,20.4727,1.7265,4.5198,329955.8284,8760327.244
双汇发展,000895.SZ,20171212,25.92,19.9869,1.6856,4.6296,329955.8284,8552455.0721
双汇发展,000895.SZ,20171211,26.08,20.1103,1.696,4.6012,329955.8284,8605248.0047
双汇发展,000895.SZ,20171208,25.32,19.5243,1.6465,4.7393,329955.8284,8354481.5751
双汇发展,000895.SZ,20171207,25.03,19.3006,1.6277,4.7942,329955.8284,8258794.3849
双汇发展,000895.SZ,20171206,25.27,19.4857,1.6433,4.7487,329955.8284,8337983.7837
双汇发展,000895.SZ,20171205,25.4,19.5859,1.6517,4.7244,329955.8284,8380878.0414
双汇发展,000895.SZ,20171204,25.08,19.3392,1.6309,4.7847,329955.8284,8275292.1763
双汇发展,000895.SZ,20171201,24.87,19.1773,1.6173,4.8251,329955.8284,8206001.4523
双汇发展,000895.SZ,20171130,25.05,19.3161,1.629,4.7904,329955.8284,8265393.5014
双汇发展,000895.SZ,20171129,25.1,19.3546,1.6322,4.7809,329955.8284,8281891.2928
双汇发展,000895.SZ,20171128,26.03,20.0717,1.6927,4.6101,329955.8284,8588750.2133
双汇发展,000895.SZ,20171127,26.35,20.3185,1.7135,4.5541,329955.8284,8694336.0783
双汇发展,000895.SZ,20171124,27.02,20.8351,1.7571,4.4412,329955.8284,8915406.4834
双汇发展,000895.SZ,20171123,26.75,20.6269,1.7395,4.486,329955.8284,8826318.4097
双汇发展,000895.SZ,20171122,27.78,21.4212,1.8065,4.3197,329955.8284,9166172.913
双汇发展,000895.SZ,20171121,27.77,21.4134,1.8059,4.3212,329955.8284,9162873.3547
双汇发展,000895.SZ,20171120,26.78,20.6501,1.7415,4.481,329955.8284,8836217.0846
双汇发展,000895.SZ,20171117,26.78,20.6501,1.7415,4.481,329955.8284,8836217.0846
双汇发展,000895.SZ,20171116,27.2,20.9739,1.7688,4.4118,329955.8284,8974798.5325
双汇发展,000895.SZ,20171115,26.6,20.5113,1.7298,4.5113,329955.8284,8776825.0354
双汇发展,000895.SZ,20171114,26.6,20.5113,1.7298,4.5113,329955.8284,8776825.0354
双汇发展,000895.SZ,20171113,27.09,20.8891,1.7616,4.4297,329955.8284,8938503.3914
双汇发展,000895.SZ,20171110,27.87,21.4906,1.8124,4.3057,329955.8284,9195868.9375
双汇发展,000895.SZ,20171109,27.1,20.8968,1.7623,4.428,329955.8284,8941802.9496
双汇发展,000895.SZ,20171108,27.56,21.2515,1.7922,4.3541,329955.8284,9093582.6307
双汇发展,000895.SZ,20171107,27.72,21.3749,1.8026,4.329,329955.8284,9146375.5632
双汇发展,000895.SZ,20171106,28.0,21.5908,1.8208,4.2857,329955.8284,9238763.1952
双汇发展,000895.SZ,20171103,27.79,21.4289,1.8072,4.3181,329955.8284,9169472.4712
双汇发展,000895.SZ,20171102,26.49,20.4264,1.7226,4.53,329955.8284,8740529.8943
双汇发展,000895.SZ,20171101,26.26,20.2491,1.7077,4.5697,329955.8284,8664640.0538
双汇发展,000895.SZ,20171031,26.31,20.2876,1.7109,4.561,329955.8284,8681137.8452
双汇发展,000895.SZ,20171030,25.85,20.5149,1.696,4.6422,329955.8284,8529358.1641
双汇发展,000895.SZ,20171027,25.72,20.4117,1.6874,4.6656,329955.8284,8486463.9064
双汇发展,000895.SZ,20171026,25.3,20.0784,1.6599,4.7431,329955.8284,8347882.4585
双汇发展,000895.SZ,20171025,25.62,20.3323,1.6809,4.6838,329955.8284,8453468.3236
双汇发展,000895.SZ,20171024,25.68,20.38,1.6848,4.6729,329955.8284,8473265.6733
双汇发展,000895.SZ,20171023,25.44,20.1895,1.6691,4.717,329955.8284,8394076.2745
双汇发展,000895.SZ,20171020,25.29,20.0704,1.6592,4.745,329955.8284,8344582.9002
双汇发展,000895.SZ,20171019,25.52,20.253,1.6743,4.7022,329955.8284,8420472.7408
双汇发展,000895.SZ,20171018,24.83,19.7054,1.629,4.8329,329955.8284,8192803.2192
双汇发展,000895.SZ,20171017,24.44,19.3959,1.6035,4.91,329955.8284,8064120.4461
双汇发展,000895.SZ,20171016,24.34,19.3165,1.5969,4.9302,329955.8284,8031124.8633
双汇发展,000895.SZ,20171013,24.56,19.4911,1.6113,4.886,329955.8284,8103715.1455
双汇发展,000895.SZ,20171012,25.03,19.8641,1.6422,4.7942,329955.8284,8258794.3849
双汇发展,000895.SZ,20171011,25.39,20.1498,1.6658,4.7263,329955.8284,8377578.4831
双汇发展,000895.SZ,20171010,25.08,19.9038,1.6454,4.7847,329955.8284,8275292.1763
双汇发展,000895.SZ,20171009,24.57,19.499,1.612,4.884,329955.8284,8107014.7038
双汇发展,000895.SZ,20170929,24.9,19.7609,1.6336,4.8193,329955.8284,8215900.1272
双汇发展,000895.SZ,20170928,24.83,19.7054,1.629,4.8329,329955.8284,8192803.2192
双汇发展,000895.SZ,20170927,24.36,19.3324,1.5982,4.9261,329955.8284,8037723.9798
双汇发展,000895.SZ,20170926,23.65,18.7689,1.5516,5.074,329955.8284,7803455.3417
双汇发展,000895.SZ,20170925,23.94,18.9991,1.5706,8.7719,329955.8284,7899142.5319
双汇发展,000895.SZ,20170922,24.11,19.134,1.5818,8.7101,329955.8284,7955235.0227
双汇发展,000895.SZ,20170921,23.66,18.7769,1.5523,8.8757,329955.8284,7806754.8999
双汇发展,000895.SZ,20170920,23.58,18.7134,1.547,8.9059,329955.8284,7780358.4337
双汇发展,000895.SZ,20170919,23.23,18.4356,1.5241,9.04,329955.8284,7664873.8937
双汇发展,000895.SZ,20170918,23.36,18.5388,1.5326,8.9897,329955.8284,7707768.1514
双汇发展,000895.SZ,20170915,23.31,18.4991,1.5293,9.009,329955.8284,7691270.36
双汇发展,000895.SZ,20170914,23.0,18.2531,1.509,9.1304,329955.8284,7588984.0532
双汇发展,000895.SZ,20170913,23.0,18.2531,1.509,9.1304,329955.8284,7588984.0532
双汇发展,000895.SZ,20170912,22.88,18.1578,1.5011,9.1783,329955.8284,7549389.3538
双汇发展,000895.SZ,20170911,22.58,17.9198,1.4814,9.3003,329955.8284,7450402.6053
双汇发展,000895.SZ,20170908,22.81,18.1023,1.4965,9.2065,329955.8284,7526292.4458
双汇发展,000895.SZ,20170907,23.01,18.261,1.5096,9.1265,329955.8284,7592283.6115
双汇发展,000895.SZ,20170906,23.13,18.3562,1.5175,9.0791,329955.8284,7631878.3109
双汇发展,000895.SZ,20170905,23.09,18.3245,1.5149,9.0948,329955.8284,7618680.0778
双汇发展,000895.SZ,20170904,22.98,18.2372,1.5077,9.1384,329955.8284,7582384.9366
双汇发展,000895.SZ,20170901,22.5,17.8563,1.4762,9.3333,329955.8284,7424006.139
双汇发展,000895.SZ,20170831,22.44,17.8086,1.4722,9.3583,329955.8284,7404208.7893
双汇发展,000895.SZ,20170830,22.7,18.015,1.4893,9.2511,329955.8284,7489997.3047
双汇发展,000895.SZ,20170829,22.71,18.0229,1.4899,9.247,329955.8284,7493296.863
双汇发展,000895.SZ,20170828,22.68,17.9991,1.488,9.2593,329955.8284,7483398.1881
双汇发展,000895.SZ,20170825,22.7,18.015,1.4893,9.2511,329955.8284,7489997.3047
双汇发展,000895.SZ,20170824,22.45,17.8166,1.4729,9.3541,329955.8284,7407508.3476
双汇发展,000895.SZ,20170823,21.86,17.3484,1.4342,9.6066,329955.8284,7212834.4088
双汇发展,000895.SZ,20170822,21.76,17.269,1.4276,9.6507,329955.8284,7179838.826
双汇发展,000895.SZ,20170821,21.7,17.2214,1.4237,9.6774,329955.8284,7160041.4763
双汇发展,000895.SZ,20170818,21.87,17.3563,1.4348,9.6022,329955.8284,7216133.9671
双汇发展,000895.SZ,20170817,21.74,17.2531,1.4263,9.6596,329955.8284,7173239.7094
双汇发展,000895.SZ,20170816,21.81,17.3087,1.4309,9.6286,329955.8284,7196336.6174
双汇发展,000895.SZ,20170815,21.97,17.4357,1.4414,9.5585,329955.8284,7249129.5499
双汇发展,000895.SZ,20170814,21.19,16.6094,1.3631,9.9103,329955.8284,6991764.0038
双汇发展,000895.SZ,20170811,21.19,16.6094,1.3631,9.9103,329955.8284,6991764.0038
双汇发展,000895.SZ,20170810,21.62,16.9464,1.3907,9.7132,329955.8284,7133645.01
双汇发展,000895.SZ,20170809,21.85,17.1267,1.4055,9.611,329955.8284,7209534.8505
双汇发展,000895.SZ,20170808,21.33,16.7191,1.3721,9.8453,329955.8284,7037957.8198
双汇发展,000895.SZ,20170807,21.23,16.6407,1.3656,9.8917,329955.8284,7004962.2369
双汇发展,000895.SZ,20170804,20.85,16.3429,1.3412,10.0719,329955.8284,6879579.0221
双汇发展,000895.SZ,20170803,21.12,16.5545,1.3586,9.9432,329955.8284,6968667.0958
双汇发展,000895.SZ,20170802,21.18,16.6015,1.3624,9.915,329955.8284,6988464.4455
双汇发展,000895.SZ,20170801,21.46,16.821,1.3804,9.7856,329955.8284,7080852.0775
双汇发展,000895.SZ,20170731,21.19,16.6094,1.3631,9.9103,329955.8284,6991764.0038
双汇发展,000895.SZ,20170728,21.18,16.6015,1.3624,9.915,329955.8284,6988464.4455
双汇发展,000895.SZ,20170727,20.95,16.4212,1.3476,10.0239,329955.8284,6912574.605
双汇发展,000895.SZ,20170726,20.85,16.3429,1.3412,10.0719,329955.8284,6879579.0221
双汇发展,000895.SZ,20170725,21.46,16.821,1.3804,9.7856,329955.8284,7080852.0775
双汇发展,000895.SZ,20170724,21.78,17.0718,1.401,9.6419,329955.8284,7186437.9426
双汇发展,000895.SZ,20170721,21.48,16.8367,1.3817,9.7765,329955.8284,7087451.194
双汇发展,000895.SZ,20170720,21.6,16.9307,1.3894,9.7222,329955.8284,7127045.8934
双汇发展,000895.SZ,20170719,21.74,17.0405,1.3984,9.6596,329955.8284,7173239.7094
双汇发展,000895.SZ,20170718,21.62,16.9464,1.3907,9.7132,329955.8284,7133645.01
双汇发展,000895.SZ,20170717,21.5,16.8524,1.383,9.7674,329955.8284,7094050.3106
双汇发展,000895.SZ,20170714,21.8,17.0875,1.4023,9.633,329955.8284,7193037.0591
双汇发展,000895.SZ,20170713,22.25,17.4402,1.4313,9.4382,329955.8284,7341517.1819
双汇发展,000895.SZ,20170712,22.91,17.9576,1.4737,9.1663,329955.8284,7559288.0286
双汇发展,000895.SZ,20170711,23.13,18.13,1.4879,9.0791,329955.8284,7631878.3109
双汇发展,000895.SZ,20170710,22.89,17.9419,1.4724,9.1743,329955.8284,7552688.9121
双汇发展,000895.SZ,20170707,23.07,18.083,1.484,9.1027,329955.8284,7612080.9612
双汇发展,000895.SZ,20170706,23.42,18.3573,1.5065,8.9667,329955.8284,7727565.5011
双汇发展,000895.SZ,20170705,23.35,18.3024,1.502,8.9936,329955.8284,7704468.5931
双汇发展,000895.SZ,20170704,23.29,18.2554,1.4982,9.0167,329955.8284,7684671.2434
双汇发展,000895.SZ,20170703,23.7,18.5768,1.5245,8.8608,329955.8284,7819953.1331
双汇发展,000895.SZ,20170630,23.75,18.616,1.5277,8.8421,329955.8284,7836450.9245
双汇发展,000895.SZ,20170629,23.82,18.6708,1.5322,8.8161,329955.8284,7859547.8325
双汇发展,000895.SZ,20170628,23.45,18.3808,1.5084,8.9552,329955.8284,7737464.176
双汇发展,000895.SZ,20170627,23.38,18.326,1.5039,8.982,329955.8284,7714367.268
双汇发展,000895.SZ,20170626,23.2,18.1849,1.4924,9.0517,329955.8284,7654975.2189
双汇发展,000895.SZ,20170623,22.89,17.9419,1.4724,9.1743,329955.8284,7552688.9121
双汇发展,000895.SZ,20170622,22.88,17.934,1.4718,9.1783,329955.8284,7549389.3538
双汇发展,000895.SZ,20170621,23.0,18.0281,1.4795,9.1304,329955.8284,7588984.0532
双汇发展,000895.SZ,20170620,22.31,17.4873,1.4351,9.4128,329955.8284,7361314.5316
双汇发展,000895.SZ,20170619,22.31,17.4873,1.4351,9.4128,329955.8284,7361314.5316
双汇发展,000895.SZ,20170616,22.23,17.4245,1.43,9.4467,329955.8284,7334918.0653
双汇发展,000895.SZ,20170615,22.31,17.4873,1.4351,9.4128,329955.8284,7361314.5316
双汇发展,000895.SZ,20170614,22.62,17.7302,1.4551,9.2838,329955.8284,7463600.8384
双汇发展,000895.SZ,20170613,22.98,18.0124,1.4782,9.1384,329955.8284,7582384.9366
双汇发展,000895.SZ,20170612,22.94,17.9811,1.4756,9.1543,329955.8284,7569186.7035
双汇发展,000895.SZ,20170609,22.79,17.8635,1.466,9.2146,329955.8284,7519693.3292
双汇发展,000895.SZ,20170608,22.89,17.9419,1.4724,9.1743,329955.8284,7552688.9121
双汇发展,000895.SZ,20170607,22.15,17.3618,1.4248,9.4808,329955.8284,7308521.5991
双汇发展,000895.SZ,20170606,22.11,17.3305,1.4222,9.498,329955.8284,7295323.3659
双汇发展,000895.SZ,20170605,21.99,17.2364,1.4145,9.5498,329955.8284,7255728.6665
双汇发展,000895.SZ,20170602,21.44,16.8053,1.3791,9.7948,329955.8284,7074252.9609
双汇发展,000895.SZ,20170601,21.44,16.8053,1.3791,9.7948,329955.8284,7074252.9609
双汇发展,000895.SZ,20170531,21.71,17.017,1.3965,9.673,329955.8284,7163341.0346
双汇发展,000895.SZ,20170526,21.71,17.017,1.3965,9.673,329955.8284,7163341.0346
双汇发展,000895.SZ,20170525,21.45,16.8132,1.3798,9.7902,329955.8284,7077552.5192
双汇发展,000895.SZ,20170524,21.37,16.7505,1.3746,9.8269,329955.8284,7051156.0529
双汇发展,000895.SZ,20170523,21.28,16.6799,1.3689,9.8684,329955.8284,7021460.0284
双汇发展,000895.SZ,20170522,20.4,15.9901,1.3122,10.2941,329955.8284,6731098.8994
双汇发展,000895.SZ,20170519,20.3,15.9118,1.3058,10.3448,329955.8284,6698103.3165
双汇发展,000895.SZ,20170518,19.94,15.6296,1.2827,10.5316,329955.8284,6579319.2183
双汇发展,000895.SZ,20170517,19.89,15.5904,1.2794,10.5581,329955.8284,6562821.4269
双汇发展,000895.SZ,20170516,20.01,15.6844,1.2872,10.4948,329955.8284,6602416.1263
双汇发展,000895.SZ,20170515,19.7,15.4415,1.2672,10.6599,329955.8284,6500129.8195
双汇发展,000895.SZ,20170512,19.99,15.6688,1.2859,10.5053,329955.8284,6595817.0097
双汇发展,000895.SZ,20170511,20.3,15.9118,1.3058,10.3448,329955.8284,6698103.3165
双汇发展,000895.SZ,20170510,21.67,16.9856,1.3939,4.1532,329955.8284,7150142.8014
双汇发展,000895.SZ,20170509,21.64,16.9621,1.392,4.159,329955.8284,7140244.1266
双汇发展,000895.SZ,20170508,21.4,16.774,1.3766,4.2056,329955.8284,7061054.7278
双汇发展,000895.SZ,20170505,21.56,16.8994,1.3869,4.1744,329955.8284,7113847.6603
双汇发展,000895.SZ,20170504,21.56,16.8994,1.3869,4.1744,329955.8284,7113847.6603
双汇发展,000895.SZ,20170503,21.3,16.6956,1.3701,4.2254,329955.8284,7028059.1449
双汇发展,000895.SZ,20170502,21.28,16.6799,1.3689,4.2293,329955.8284,7021460.0284
双汇发展,000895.SZ,20170428,21.73,17.0326,1.3978,4.1417,329955.8284,7169940.1511
双汇发展,000895.SZ,20170427,23.05,17.2653,1.4676,9.3275,329955.8284,7605481.8446
双汇发展,000895.SZ,20170426,23.25,17.4152,1.4803,9.2473,329955.8284,7671473.0103
双汇发展,000895.SZ,20170425,22.96,17.1979,1.4619,9.3641,329955.8284,7575785.8201
双汇发展,000895.SZ,20170424,22.96,17.1979,1.4619,9.3641,329955.8284,7575785.8201
双汇发展,000895.SZ,20170421,23.14,17.3328,1.4733,9.2913,329955.8284,7635177.8692
双汇发展,000895.SZ,20170420,23.25,17.4152,1.4803,9.2473,329955.8284,7671473.0103
双汇发展,000895.SZ,20170419,22.74,17.0331,1.4479,9.4547,329955.8284,7503195.5378
双汇发展,000895.SZ,20170418,22.65,16.9657,1.4421,9.4923,329955.8284,7473499.5133
双汇发展,000895.SZ,20170417,22.47,16.8309,1.4307,9.5683,329955.8284,7414107.4641
双汇发展,000895.SZ,20170414,22.4,16.7785,1.4262,9.5982,329955.8284,7391010.5562
双汇发展,000895.SZ,20170413,22.77,17.0556,1.4498,9.4422,329955.8284,7513094.2127
双汇发展,000895.SZ,20170412,22.55,16.8908,1.4358,9.5344,329955.8284,7440503.9304
双汇发展,000895.SZ,20170411,22.67,16.9807,1.4434,9.4839,329955.8284,7480098.6298
双汇发展,000895.SZ,20170410,22.76,17.0481,1.4491,9.4464,329955.8284,7509794.6544
双汇发展,000895.SZ,20170407,22.74,17.0331,1.4479,9.4547,329955.8284,7503195.5378
双汇发展,000895.SZ,20170406,22.74,17.0331,1.4479,9.4547,329955.8284,7503195.5378
双汇发展,000895.SZ,20170405,22.74,17.0331,1.4479,9.4547,329955.8284,7503195.5378
双汇发展,000895.SZ,20170331,22.55,16.8908,1.4358,9.5344,329955.8284,7440503.9304
双汇发展,000895.SZ,20170330,22.41,16.786,1.4269,9.5939,329955.8284,7394310.1144
双汇发展,000895.SZ,20170329,22.72,17.0182,1.4466,9.463,329955.8284,7496596.4212
双汇发展,000895.SZ,20170328,22.85,17.1155,1.4549,9.4092,329955.8284,7539490.6789
双汇发展,000895.SZ,20170327,22.8,17.0781,1.4517,9.4298,329955.8284,7522992.8875
双汇发展,000895.SZ,20170324,22.88,17.138,1.4568,9.3969,329955.8284,7549389.3538
双汇发展,000895.SZ,20170323,23.0,17.2279,1.4644,9.3478,329955.8284,7588984.0532
双汇发展,000895.SZ,20170322,22.58,16.8816,1.4653,9.5217,329955.8284,7450402.6053
双汇发展,000895.SZ,20170321,22.57,16.8741,1.4647,9.5259,329955.8284,7447103.047
双汇发展,000895.SZ,20170320,22.11,16.5302,1.4348,9.7241,329955.8284,7295323.3659
双汇发展,000895.SZ,20170317,21.72,16.2386,1.4095,9.8987,329955.8284,7166640.5928
双汇发展,000895.SZ,20170316,21.78,16.2835,1.4134,9.8714,329955.8284,7186437.9426
双汇发展,000895.SZ,20170315,21.99,16.4405,1.427,9.7772,329955.8284,7255728.6665
双汇发展,000895.SZ,20170314,21.8,16.2984,1.4147,9.8624,329955.8284,7193037.0591
双汇发展,000895.SZ,20170313,21.79,16.291,1.4141,9.8669,329955.8284,7189737.5008
双汇发展,000895.SZ,20170310,21.4,15.9994,1.3887,10.0467,329955.8284,7061054.7278
双汇发展,000895.SZ,20170309,21.4,15.9994,1.3887,10.0467,329955.8284,7061054.7278
双汇发展,000895.SZ,20170308,21.4,15.9994,1.3887,10.0467,329955.8284,7061054.7278
双汇发展,000895.SZ,20170307,21.51,16.0816,1.3959,9.9954,329955.8284,7097349.8689
双汇发展,000895.SZ,20170306,21.24,15.8798,1.3784,10.1224,329955.8284,7008261.7952
双汇发展,000895.SZ,20170303,21.3,15.9246,1.3823,10.0939,329955.8284,7028059.1449
双汇发展,000895.SZ,20170302,21.35,15.962,1.3855,10.0703,329955.8284,7044556.9363
双汇发展,000895.SZ,20170301,21.51,16.0816,1.3959,9.9954,329955.8284,7097349.8689
双汇发展,000895.SZ,20170228,21.47,16.0517,1.3933,10.014,329955.8284,7084151.6357
双汇发展,000895.SZ,20170227,21.52,16.0891,1.3965,9.9907,329955.8284,7100649.4272
双汇发展,000895.SZ,20170224,21.92,16.3882,1.4225,9.8084,329955.8284,7232631.7585
双汇发展,000895.SZ,20170223,22.06,16.4928,1.4316,9.7461,329955.8284,7278825.5745
双汇发展,000895.SZ,20170222,21.96,16.4181,1.4251,9.7905,329955.8284,7245829.9917
双汇发展,000895.SZ,20170221,21.96,16.4181,1.4251,9.7905,329955.8284,7245829.9917
双汇发展,000895.SZ,20170220,22.0,16.448,1.4277,9.7727,329955.8284,7259028.2248
双汇发展,000895.SZ,20170217,21.51,16.0816,1.3959,9.9954,329955.8284,7097349.8689
双汇发展,000895.SZ,20170216,21.5,16.0742,1.3952,10.0,329955.8284,7094050.3106
双汇发展,000895.SZ,20170215,21.49,16.0667,1.3946,10.0047,329955.8284,7090750.7523
双汇发展,000895.SZ,20170214,21.68,16.2087,1.4069,9.917,329955.8284,7153442.3597
双汇发展,000895.SZ,20170213,21.53,16.0966,1.3972,9.9861,329955.8284,7103948.9855
双汇发展,000895.SZ,20170210,21.29,15.9171,1.3816,10.0986,329955.8284,7024759.5866
双汇发展,000895.SZ,20170209,21.24,15.8798,1.3784,10.1224,329955.8284,7008261.7952
双汇发展,000895.SZ,20170208,21.33,15.9471,1.3842,10.0797,329955.8284,7037957.8198
双汇发展,000895.SZ,20170207,21.25,15.8872,1.379,10.1176,329955.8284,7011561.3535
双汇发展,000895.SZ,20170206,21.2,15.8499,1.3758,10.1415,329955.8284,6995063.5621
双汇发展,000895.SZ,20170203,21.19,15.8424,1.3751,10.1463,329955.8284,6991764.0038
双汇发展,000895.SZ,20170126,21.4,15.9994,1.3887,10.0467,329955.8284,7061054.7278
双汇发展,000895.SZ,20170125,21.62,16.1639,1.403,9.9445,329955.8284,7133645.01
双汇发展,000895.SZ,20170124,21.64,16.1788,1.4043,9.9353,329955.8284,7140244.1266
双汇发展,000895.SZ,20170123,21.25,15.8872,1.379,10.1176,329955.8284,7011561.3535
双汇发展,000895.SZ,20170120,21.1,15.7751,1.3693,10.1896,329955.8284,6962067.9792
双汇发展,000895.SZ,20170119,20.9,15.6256,1.3563,10.2871,329955.8284,6896076.8136
双汇发展,000895.SZ,20170118,20.99,15.6929,1.3621,10.243,329955.8284,6925772.8381
双汇发展,000895.SZ,20170117,20.37,15.2293,1.3219,10.5547,329955.8284,6721200.2245
双汇发展,000895.SZ,20170116,20.21,15.1097,1.3115,10.6383,329955.8284,6668407.292
双汇发展,000895.SZ,20170113,20.28,15.162,1.3161,10.6016,329955.8284,6691504.2
双汇发展,000895.SZ,20170112,20.56,15.3714,1.3342,10.4572,329955.8284,6783891.8319
双汇发展,000895.SZ,20170111,20.77,15.5284,1.3479,10.3515,329955.8284,6853182.5559
双汇发展,000895.SZ,20170110,20.87,15.6031,1.3544,10.3019,329955.8284,6886178.1387
双汇发展,000895.SZ,20170109,20.61,15.4088,1.3375,10.4318,329955.8284,6800389.6233
双汇发展,000895.SZ,20170106,20.58,15.3863,1.3355,10.447,329955.8284,6790490.9485
双汇发展,000895.SZ,20170105,20.85,15.5882,1.3531,10.3118,329955.8284,6879579.0221
双汇发展,000895.SZ,20170104,20.98,15.6854,1.3615,10.2479,329955.8284,6922473.2798
双汇发展,000895.SZ,20170103,21.04,15.7302,1.3654,10.2186,329955.8284,6942270.6295
双汇发展,000895.SZ,20161230,20.93,15.648,1.3582,10.2723,329955.8284,6905975.4884
双汇发展,000895.SZ,20161229,20.68,15.4611,1.342,10.3965,329955.8284,6823486.5313
双汇发展,000895.SZ,20161228,20.39,15.2443,1.3232,10.5444,329955.8284,6727799.3411
双汇发展,000895.SZ,20161227,20.57,15.3789,1.3349,10.4521,329955.8284,6787191.3902
双汇发展,000895.SZ,20161226,20.49,15.319,1.3297,10.4929,329955.8284,6760794.9239
双汇发展,000895.SZ,20161223,20.58,15.3863,1.3355,10.447,329955.8284,6790490.9485
双汇发展,000895.SZ,20161222,20.83,15.5732,1.3518,10.3217,329955.8284,6872979.9056
双汇发展,000895.SZ,20161221,20.87,15.6031,1.3544,10.3019,329955.8284,6886178.1387
双汇发展,000895.SZ,20161220,20.9,15.6256,1.3563,10.2871,329955.8284,6896076.8136
双汇发展,000895.SZ,20161219,21.08,15.7601,1.368,10.1992,329955.8284,6955468.8627
双汇发展,000895.SZ,20161216,20.74,15.506,1.3459,10.3664,329955.8284,6843283.881
双汇发展,000895.SZ,20161215,20.6,15.4013,1.3368,10.4369,329955.8284,6797090.065
双汇发展,000895.SZ,20161214,20.71,15.4835,1.344,10.3815,329955.8284,6833385.2062
双汇发展,000895.SZ,20161213,21.0,15.7003,1.3628,10.2381,329955.8284,6929072.3964
双汇发展,000895.SZ,20161212,21.26,15.8947,1.3797,10.1129,329955.8284,7014860.9118
双汇发展,000895.SZ,20161209,21.89,16.3657,1.4205,9.8218,329955.8284,7222733.0837
双汇发展,000895.SZ,20161208,21.83,16.3209,1.4167,9.8488,329955.8284,7202935.734
双汇发展,000895.SZ,20161207,22.01,16.4554,1.4283,9.7683,329955.8284,7262327.7831
双汇发展,000895.SZ,20161206,21.99,16.4405,1.427,9.7772,329955.8284,7255728.6665
双汇发展,000895.SZ,20161205,21.99,16.4405,1.427,9.7772,329955.8284,7255728.6665
双汇发展,000895.SZ,20161202,22.51,16.8293,1.4608,9.5513,329955.8284,7427305.6973
双汇发展,000895.SZ,20161201,22.71,16.9788,1.4738,9.4672,329955.8284,7493296.863
双汇发展,000895.SZ,20161130,22.62,16.9115,1.4679,9.5049,329955.8284,7463600.8384
双汇发展,000895.SZ,20161129,23.1,17.2704,1.4991,9.3074,329955.8284,7621979.636
双汇发展,000895.SZ,20161128,22.3,16.6723,1.4472,9.6413,329955.8284,7358014.9733
双汇发展,000895.SZ,20161125,22.41,16.7545,1.4543,9.5939,329955.8284,7394310.1144
双汇发展,000895.SZ,20161124,22.45,16.7844,1.4569,9.5768,329955.8284,7407508.3476
双汇发展,000895.SZ,20161123,21.86,16.3433,1.4186,9.8353,329955.8284,7212834.4088
双汇发展,000895.SZ,20161122,21.77,16.276,1.4128,9.876,329955.8284,7183138.3843
双汇发展,000895.SZ,20161121,21.94,16.4031,1.4238,9.7995,329955.8284,7239230.8751
双汇发展,000895.SZ,20161118,22.09,16.5153,1.4335,9.7329,329955.8284,7288724.2494
双汇发展,000895.SZ,20161117,22.31,16.6797,1.4478,9.6369,329955.8284,7361314.5316
双汇发展,000895.SZ,20161116,22.3,16.6723,1.4472,9.6413,329955.8284,7358014.9733
双汇发展,000895.SZ,20161115,22.25,16.6349,1.4439,9.6629,329955.8284,7341517.1819
双汇发展,000895.SZ,20161114,22.25,16.6349,1.4439,9.6629,329955.8284,7341517.1819
双汇发展,000895.SZ,20161111,22.52,16.8367,1.4614,9.5471,329955.8284,7430605.2556
双汇发展,000895.SZ,20161110,22.49,16.8143,1.4595,9.5598,329955.8284,7420706.5807
双汇发展,000895.SZ,20161109,22.28,16.6573,1.4459,9.6499,329955.8284,7351415.8568
双汇发展,000895.SZ,20161108,22.5,16.8218,1.4601,9.5556,329955.8284,7424006.139
双汇发展,000895.SZ,20161107,22.25,16.6349,1.4439,9.6629,329955.8284,7341517.1819
双汇发展,000895.SZ,20161104,22.42,16.762,1.4549,9.5897,329955.8284,7397609.6727
双汇发展,000895.SZ,20161103,22.49,16.8143,1.4595,9.5598,329955.8284,7420706.5807
双汇发展,000895.SZ,20161102,22.64,16.9265,1.4692,9.4965,329955.8284,7470199.955
双汇发展,000895.SZ,20161101,22.8,17.0461,1.4796,9.4298,329955.8284,7522992.8875
双汇发展,000895.SZ,20161031,22.9,17.1208,1.4861,9.3886,329955.8284,7555988.4704
双汇发展,000895.SZ,20161028,22.49,16.8143,1.4595,9.5598,329955.8284,7420706.5807
双汇发展,000895.SZ,20161027,22.85,17.0835,1.4828,9.4092,329955.8284,7539490.6789
双汇发展,000895.SZ,20161026,24.39,18.1899,1.6137,8.8151,329955.8284,8047622.6547
双汇发展,000895.SZ,20161025,24.07,17.9513,1.5926,8.9323,329955.8284,7942036.7896
双汇发展,000895.SZ,20161024,24.0,17.8991,1.5879,8.9583,329955.8284,7918939.8816
双汇发展,000895.SZ,20161021,23.85,17.7872,1.578,9.0147,329955.8284,7869446.5073
双汇发展,000895.SZ,20161020,23.8,17.7499,1.5747,9.0336,329955.8284,7852948.7159
双汇发展,000895.SZ,20161019,23.94,17.8543,1.584,8.9808,329955.8284,7899142.5319
双汇发展,000895.SZ,20161018,23.93,17.8469,1.5833,8.9845,329955.8284,7895842.9736
双汇发展,000895.SZ,20161017,23.75,17.7126,1.5714,9.0526,329955.8284,7836450.9245
双汇发展,000895.SZ,20161014,23.97,17.8767,1.5859,8.9695,329955.8284,7909041.2067
双汇发展,000895.SZ,20161013,23.95,17.8618,1.5846,8.977,329955.8284,7902442.0902
双汇发展,000895.SZ,20161012,23.51,17.5336,1.5555,9.145,329955.8284,7757261.5257
双汇发展,000895.SZ,20161011,23.67,17.653,1.5661,9.0832,329955.8284,7810054.4582
双汇发展,000895.SZ,20161010,23.75,17.7197,1.572,9.049,330086.7672,7839560.721
双汇发展,000895.SZ,20160930,23.59,17.6003,1.5614,9.1104,330086.7672,7786746.8382
双汇发展,000895.SZ,20160929,23.39,17.4511,1.5482,9.1883,330086.7672,7720729.4848
双汇发展,000895.SZ,20160928,22.97,17.1377,1.5204,9.3563,330086.7672,7582093.0426
双汇发展,000895.SZ,20160927,23.04,17.1899,1.525,9.3279,330086.7672,7605199.1163
双汇发展,000895.SZ,20160926,23.0,17.1601,1.5224,9.3441,330086.7672,7591995.6456
双汇发展,000895.SZ,20160923,24.22,18.0703,1.6031,5.159,330086.7672,7994701.5016
双汇发展,000895.SZ,20160922,24.2,18.0554,1.6018,5.1632,330086.7672,7988099.7662
双汇发展,000895.SZ,20160921,23.96,17.8763,1.5859,5.215,330086.7672,7908878.9421
双汇发展,000895.SZ,20160920,24.18,18.0405,1.6005,5.1675,330086.7672,7981498.0309
双汇发展,000895.SZ,20160919,23.77,17.7346,1.5733,5.2566,330086.7672,7846162.4563
双汇发展,000895.SZ,20160914,23.42,17.4735,1.5502,5.3352,330086.7672,7730632.0878
双汇发展,000895.SZ,20160913,23.15,17.272,1.5323,5.3974,330086.7672,7641508.6607
双汇发展,000895.SZ,20160912,23.21,17.3168,1.5363,5.3835,330086.7672,7661313.8667
双汇发展,000895.SZ,20160909,23.62,17.6227,1.5634,5.29,330086.7672,7796649.4413
双汇发展,000895.SZ,20160908,23.72,17.6973,1.57,5.2677,330086.7672,7829658.118
双汇发展,000895.SZ,20160907,23.7,17.6824,1.5687,5.2722,330086.7672,7823056.3826
双汇发展,000895.SZ,20160906,24.0,17.9062,1.5886,5.2063,330086.7672,7922082.4128
双汇发展,000895.SZ,20160905,23.88,17.8167,1.5806,5.2324,330086.7672,7882472.0007
双汇发展,000895.SZ,20160902,23.84,17.7868,1.578,5.2412,330086.7672,7869268.53
双汇发展,000895.SZ,20160901,24.19,18.0479,1.6011,5.1654,330086.7672,7984798.8986
双汇发展,000895.SZ,20160831,24.09,17.9733,1.5945,5.1868,330086.7672,7951790.2218
双汇发展,000895.SZ,20160830,24.14,18.0106,1.5978,5.1761,330086.7672,7968294.5602
双汇发展,000895.SZ,20160829,24.07,17.9584,1.5932,5.1911,330086.7672,7945188.4865
双汇发展,000895.SZ,20160826,24.49,18.2718,1.621,5.1021,330086.7672,8083824.9287
双汇发展,000895.SZ,20160825,24.56,18.324,1.6256,5.0876,330086.7672,8106931.0024
双汇发展,000895.SZ,20160824,24.5,18.2792,1.6217,5.1,330086.7672,8087125.7964
双汇发展,000895.SZ,20160823,24.77,18.4807,1.6395,5.0444,330086.7672,8176249.2235
双汇发展,000895.SZ,20160822,24.91,18.5851,1.6488,5.0161,330086.7672,8222461.371
双汇发展,000895.SZ,20160819,24.67,18.4061,1.6329,5.0649,330086.7672,8143240.5468
双汇发展,000895.SZ,20160818,24.79,18.4956,1.6409,5.0404,330086.7672,8182850.9589
双汇发展,000895.SZ,20160817,24.95,18.615,1.6514,5.008,330086.7672,8235664.8416
双汇发展,000895.SZ,20160816,24.9,18.6423,1.7302,5.0181,330086.7672,8219160.5033
双汇发展,000895.SZ,20160815,24.32,18.208,1.6899,5.1378,330086.7672,8027710.1783
双汇发展,000895.SZ,20160812,24.19,18.1107,1.6808,5.1654,330086.7672,7984798.8986
双汇发展,000895.SZ,20160811,24.04,17.9984,1.6704,5.1976,330086.7672,7935285.8835
双汇发展,000895.SZ,20160810,23.63,17.6914,1.6419,5.2878,330086.7672,7799950.3089
双汇发展,000895.SZ,20160809,23.94,17.9235,1.6635,5.2193,330086.7672,7902277.2068
双汇发展,000895.SZ,20160808,24.05,18.0059,1.6711,5.1954,330086.7672,7938586.7512
双汇发展,000895.SZ,20160805,23.84,17.8487,1.6565,5.2412,330086.7672,7869268.53
双汇发展,000895.SZ,20160804,23.88,17.8786,1.6593,5.2324,330086.7672,7882472.0007
双汇发展,000895.SZ,20160803,24.02,17.9834,1.669,5.2019,330086.7672,7928684.1481
双汇发展,000895.SZ,20160802,24.0,17.9684,1.6676,5.2063,330086.7672,7922082.4128
双汇发展,000895.SZ,20160801,24.36,18.238,1.6926,5.1293,330086.7672,8040913.649
双汇发展,000895.SZ,20160729,24.55,18.3802,1.7058,5.0896,330086.7672,8103630.1348
双汇发展,000895.SZ,20160728,24.1,18.0433,1.6746,5.1847,330086.7672,7955091.0895
双汇发展,000895.SZ,20160727,22.8,17.07,1.5842,5.4803,330086.7672,7525978.2922
双汇发展,000895.SZ,20160726,23.11,17.3021,1.6058,5.4068,330086.7672,7628305.19
双汇发展,000895.SZ,20160725,22.5,16.8454,1.5634,5.5534,330086.7672,7426952.262
双汇发展,000895.SZ,20160722,22.78,17.055,1.5829,5.4851,330086.7672,7519376.5568
双汇发展,000895.SZ,20160721,23.15,17.3321,1.6086,5.3974,330086.7672,7641508.6607
双汇发展,000895.SZ,20160720,22.6,16.9203,1.5704,5.5288,330086.7672,7459960.9387
双汇发展,000895.SZ,20160719,22.57,16.8978,1.5683,5.5361,330086.7672,7450058.3357
双汇发展,000895.SZ,20160718,23.18,17.3545,1.6107,5.3904,330086.7672,7651411.2637
双汇发展,000895.SZ,20160715,23.35,17.4818,1.6225,5.3512,330086.7672,7707526.0141
双汇发展,000895.SZ,20160714,23.6,17.669,1.6398,5.2945,330086.7672,7790047.7059
双汇发展,000895.SZ,20160713,23.77,17.7962,1.6516,5.2566,330086.7672,7846162.4563
双汇发展,000895.SZ,20160712,23.97,17.946,1.6655,5.2128,330086.7672,7912179.8098
双汇发展,000895.SZ,20160711,22.74,17.0251,1.5801,5.4947,330086.7672,7506173.0861
双汇发展,000895.SZ,20160708,22.3,16.6957,1.5495,5.6032,330086.7672,7360934.9086
双汇发展,000895.SZ,20160707,22.19,16.6133,1.5419,5.6309,330086.7672,7324625.3642
双汇发展,000895.SZ,20160706,21.8,16.3213,1.5148,5.7317,330086.7672,7195891.525
双汇发展,000895.SZ,20160705,21.17,15.8497,1.471,5.9022,330086.7672,6987936.8616
双汇发展,000895.SZ,20160704,21.35,15.9844,1.4835,5.8525,330086.7672,7047352.4797
双汇发展,000895.SZ,20160701,21.15,15.8347,1.4696,5.9078,330086.7672,6981335.1263
双汇发展,000895.SZ,20160630,20.88,15.6325,1.4508,5.9842,330086.7672,6892211.6991
双汇发展,000895.SZ,20160629,20.58,15.4079,1.43,6.0714,330086.7672,6793185.669
双汇发展,000895.SZ,20160628,20.87,15.6251,1.4501,5.9871,330086.7672,6888910.8315
双汇发展,000895.SZ,20160627,21.23,15.8946,1.4752,5.8856,330086.7672,7007742.0677
双汇发展,000895.SZ,20160624,20.85,15.6101,1.4488,5.9928,330086.7672,6882309.0961
双汇发展,000895.SZ,20160623,21.27,15.9245,1.4779,5.8745,330086.7672,7020945.5383
双汇发展,000895.SZ,20160622,21.5,16.0967,1.4939,5.8116,330086.7672,7096865.4948
双汇发展,000895.SZ,20160621,21.49,16.0892,1.4932,5.8144,330086.7672,7093564.6271
双汇发展,000895.SZ,20160620,21.82,16.3363,1.5162,5.7264,330086.7672,7202493.2603
双汇发展,000895.SZ,20160617,21.95,16.4336,1.5252,5.6925,330086.7672,7245404.54
双汇发展,000895.SZ,20160616,21.48,16.0818,1.4925,5.8171,330086.7672,7090263.7595
双汇发展,000895.SZ,20160615,21.88,16.3812,1.5203,5.7107,330086.7672,7222298.4663
双汇发展,000895.SZ,20160614,21.68,16.2315,1.5064,5.7634,330086.7672,7156281.1129
双汇发展,000895.SZ,20160613,21.54,16.1267,1.4967,5.8009,330086.7672,7110068.9655
双汇发展,000895.SZ,20160608,21.9,16.3962,1.5217,5.7055,330086.7672,7228900.2017
双汇发展,000895.SZ,20160607,22.3,16.6957,1.5495,5.6032,330086.7672,7360934.9086
双汇发展,000895.SZ,20160606,22.18,16.6058,1.5412,5.6335,330086.7672,7321324.4965
双汇发展,000895.SZ,20160603,21.99,16.4636,1.528,5.6821,330086.7672,7258608.0107
双汇发展,000895.SZ,20160602,21.5,16.0967,1.4939,5.8116,330086.7672,7096865.4948
双汇发展,000895.SZ,20160601,21.36,15.9919,1.4842,5.8497,330086.7672,7050653.3474
双汇发展,000895.SZ,20160531,21.45,16.0593,1.4904,5.8252,330086.7672,7080361.1564
双汇发展,000895.SZ,20160530,20.94,15.6775,1.455,5.9671,330086.7672,6912016.9052
双汇发展,000895.SZ,20160527,20.71,15.5053,1.439,6.0333,330086.7672,6836096.9487
双汇发展,000895.SZ,20160526,20.61,15.4304,1.4321,6.0626,330086.7672,6803088.272
双汇发展,000895.SZ,20160525,20.64,15.4529,1.4342,6.0538,330086.7672,6812990.875
双汇发展,000895.SZ,20160524,20.9,15.6475,1.4522,5.9785,330086.7672,6898813.4345
双汇发展,000895.SZ,20160523,21.28,15.932,1.4786,5.8717,330086.7672,7024246.406
双汇发展,000895.SZ,20160520,20.8,15.5727,1.4453,6.0072,330086.7672,6865804.7578
双汇发展,000895.SZ,20160519,20.75,15.5352,1.4418,10.584,330086.7672,6849300.4194
双汇发展,000895.SZ,20160518,20.97,15.6999,1.4571,10.4729,330086.7672,6921919.5082
双汇发展,000895.SZ,20160517,21.56,16.1417,1.4981,10.1863,330086.7672,7116670.7008
双汇发展,000895.SZ,20160516,21.4,16.0219,1.487,10.2625,330086.7672,7063856.8181
双汇发展,000895.SZ,20160513,21.41,16.0294,1.4877,10.2577,330086.7672,7067157.6858
双汇发展,000895.SZ,20160512,21.34,15.9769,1.4828,10.2913,330086.7672,7044051.612
双汇发展,000895.SZ,20160511,21.53,16.1192,1.496,10.2005,330086.7672,7106768.0978
双汇发展,000895.SZ,20160510,20.73,15.5202,1.4404,10.5942,330086.7672,6842698.6841
双汇发展,000895.SZ,20160509,20.4,15.2732,1.4175,10.7655,330086.7672,6733770.0509
双汇发展,000895.SZ,20160506,20.25,15.1609,1.4071,10.8453,330086.7672,6684257.0358
双汇发展,000895.SZ,20160505,21.28,15.932,1.4786,10.3204,330086.7672,7024246.406
双汇发展,000895.SZ,20160504,21.16,15.8422,1.4703,10.3789,330086.7672,6984635.994
双汇发展,000895.SZ,20160503,21.57,16.1491,1.4988,10.1816,330086.7672,7119971.5685
双汇发展,000895.SZ,20160429,20.59,15.4154,1.4307,10.6662,330086.7672,6796486.5366
双汇发展,000895.SZ,20160428,20.46,15.8701,1.511,10.734,330086.7672,6753575.2569
双汇发展,000895.SZ,20160427,22.12,17.1577,1.6336,4.2797,330086.7672,7301519.2905
双汇发展,000895.SZ,20160426,22.14,17.1732,1.635,4.2758,330086.7672,7308121.0258
双汇发展,000895.SZ,20160425,22.47,17.4292,1.6594,4.213,330086.7672,7417049.659
双汇发展,000895.SZ,20160422,21.55,16.7155,1.5915,4.3929,330086.7672,7113369.8332
双汇发展,000895.SZ,20160421,20.59,15.9709,1.5206,4.5977,330086.7672,6796486.5366
双汇发展,000895.SZ,20160420,20.51,15.9089,1.5147,4.6156,330086.7672,6770079.5953
双汇发展,000895.SZ,20160419,20.7,16.0562,1.5287,4.5733,330086.7672,6832796.081
双汇发展,000895.SZ,20160418,20.8,16.1338,1.5361,4.5513,330086.7672,6865804.7578
双汇发展,000895.SZ,20160415,20.71,16.064,1.5294,4.5711,330086.7672,6836096.9487
双汇发展,000895.SZ,20160414,20.7,16.0562,1.5287,4.5733,330086.7672,6832796.081
双汇发展,000895.SZ,20160413,20.45,15.8623,1.5102,4.6292,330086.7672,6750274.3892
双汇发展,000895.SZ,20160412,20.07,15.5676,1.4822,4.7168,330086.7672,6624841.4177
双汇发展,000895.SZ,20160411,20.01,15.521,1.4777,4.731,330086.7672,6605036.2117
双汇发展,000895.SZ,20160408,20.19,15.6606,1.491,4.6888,330086.7672,6664451.8298
双汇发展,000895.SZ,20160407,20.33,15.7692,1.5014,4.6565,330086.7672,6710663.9772
双汇发展,000895.SZ,20160406,21.23,16.4673,1.5678,4.4591,330086.7672,7007742.0677
双汇发展,000895.SZ,20160405,21.41,16.607,1.5811,4.4216,330086.7672,7067157.6858
双汇发展,000895.SZ,20160401,21.11,16.3743,1.559,4.4844,330086.7672,6968131.6556
双汇发展,000895.SZ,20160331,21.11,16.3743,1.559,4.4844,330086.7672,6968131.6556
双汇发展,000895.SZ,20160330,21.12,16.382,1.5597,4.4823,330086.7672,6971432.5233
双汇发展,000895.SZ,20160329,20.89,17.2532,1.541,4.5317,330086.7672,6895512.5668
双汇发展,000895.SZ,20160328,20.65,17.055,1.5233,4.5843,330086.7672,6816291.7427
双汇发展,000895.SZ,20160325,20.12,16.6173,1.4842,4.7051,330086.7672,6641345.7561
双汇发展,000895.SZ,20160324,20.11,16.609,1.4835,4.7074,330086.7672,6638044.8884
双汇发展,000895.SZ,20160323,20.29,16.7577,1.4968,4.6657,330086.7672,6697460.5065
双汇发展,000895.SZ,20160322,20.13,16.6255,1.4849,4.7028,330086.7672,6644646.6237
双汇发展,000895.SZ,20160321,20.05,16.5595,1.479,4.7215,330086.7672,6618239.6824
双汇发展,000895.SZ,20160318,20.24,16.7164,1.4931,4.6772,330086.7672,6680956.1681
双汇发展,000895.SZ,20160317,20.02,16.5347,1.4768,4.7286,330086.7672,6608337.0793
双汇发展,000895.SZ,20160316,19.84,16.386,1.4636,4.7715,330086.7672,6548921.4612
双汇发展,000895.SZ,20160315,19.84,16.386,1.4636,4.7715,330086.7672,6548921.4612
双汇发展,000895.SZ,20160314,20.28,16.7494,1.496,4.668,330086.7672,6694159.6388
双汇发展,000895.SZ,20160311,19.98,16.5017,1.4739,4.7381,330086.7672,6595133.6087
双汇发展,000895.SZ,20160310,20.05,16.5595,1.479,4.7215,330086.7672,6618239.6824
双汇发展,000895.SZ,20160309,18.77,15.5023,1.3846,5.0435,330086.7672,6195728.6203
双汇发展,000895.SZ,20160308,19.05,15.7336,1.4053,4.9694,330086.7672,6288152.9152
双汇发展,000895.SZ,20160307,18.94,15.6427,1.3972,4.9982,330086.7672,6251843.3708
双汇发展,000895.SZ,20160304,18.77,15.5023,1.3846,5.0435,330086.7672,6195728.6203
双汇发展,000895.SZ,20160303,18.45,15.238,1.361,5.131,330086.7672,6090100.8548
双汇发展,000895.SZ,20160302,18.46,15.2463,1.3618,5.1282,330086.7672,6093401.7225
双汇发展,000895.SZ,20160301,17.87,14.759,1.3182,5.2975,330086.7672,5898650.5299
双汇发展,000895.SZ,20160229,17.41,14.3791,1.2843,5.4375,330086.7672,5746810.617
双汇发展,000895.SZ,20160226,17.92,14.8003,1.3219,5.2827,330086.7672,5915154.8682
双汇发展,000895.SZ,20160225,17.74,14.6516,1.3086,5.3363,330086.7672,5855739.2501
双汇发展,000895.SZ,20160224,18.56,15.3289,1.3691,5.1006,330086.7672,6126410.3992
双汇发展,000895.SZ,20160223,18.63,15.3867,1.3743,5.0814,330086.7672,6149516.4729
双汇发展,000895.SZ,20160222,18.96,15.6592,1.3986,4.993,330086.7672,6258445.1061
双汇发展,000895.SZ,20160219,18.7,15.4445,1.3795,5.0624,330086.7672,6172622.5466
双汇发展,000895.SZ,20160218,18.45,15.238,1.361,5.131,330086.7672,6090100.8548
双汇发展,000895.SZ,20160217,18.61,15.3702,1.3728,5.0869,330086.7672,6142914.7376
双汇发展,000895.SZ,20160216,18.33,15.1389,1.3522,5.1646,330086.7672,6050490.4428
双汇发展,000895.SZ,20160215,17.98,14.8498,1.3263,5.2651,330086.7672,5934960.0743
双汇发展,000895.SZ,20160205,18.2,15.0315,1.3426,5.2015,330086.7672,6007579.163
双汇发展,000895.SZ,20160204,18.17,15.0068,1.3404,5.2101,330086.7672,5997676.56
双汇发展,000895.SZ,20160203,18.12,14.9655,1.3367,5.2244,330086.7672,5981172.2217
双汇发展,000895.SZ,20160202,17.7,14.6186,1.3057,5.3484,330086.7672,5842535.7794
双汇发展,000895.SZ,20160201,17.8,14.7012,1.3131,5.3184,330086.7672,5875544.4562
双汇发展,000895.SZ,20160129,17.63,14.5608,1.3005,5.3696,330086.7672,5819429.7057
双汇发展,000895.SZ,20160128,16.87,13.9331,1.2445,5.6115,330086.7672,5568563.7627
双汇发展,000895.SZ,20160127,16.75,13.834,1.2356,5.6517,330086.7672,5528953.3506
双汇发展,000895.SZ,20160126,16.51,13.6357,1.2179,5.7339,330086.7672,5449732.5265
双汇发展,000895.SZ,20160125,17.32,14.3047,1.2777,5.4657,330086.7672,5717102.8079
双汇发展,000895.SZ,20160122,17.17,14.1808,1.2666,5.5135,330086.7672,5667589.7928
双汇发展,000895.SZ,20160121,17.1,14.123,1.2614,5.5361,330086.7672,5644483.7191
双汇发展,000895.SZ,20160120,17.61,14.5442,1.2991,5.3757,330086.7672,5812827.9704
双汇发展,000895.SZ,20160119,18.08,14.9324,1.3337,5.236,330086.7672,5967968.751
双汇发展,000895.SZ,20160118,17.67,14.5938,1.3035,5.3575,330086.7672,5832633.1764
双汇发展,000895.SZ,20160115,17.74,14.6516,1.3086,5.3363,330086.7672,5855739.2501
双汇发展,000895.SZ,20160114,18.27,15.0893,1.3477,5.1815,330086.7672,6030685.2367
双汇发展,000895.SZ,20160113,18.0,14.8664,1.3278,5.2593,330086.7672,5941561.8096
双汇发展,000895.SZ,20160112,18.33,15.1389,1.3522,5.1646,330086.7672,6050490.4428
双汇发展,000895.SZ,20160111,18.72,15.461,1.3809,5.057,330086.7672,6179224.282
双汇发展,000895.SZ,20160108,19.8,16.353,1.4606,4.7811,330086.7672,6535717.9906
双汇发展,000895.SZ,20160107,19.09,15.7666,1.4082,4.959,330086.7672,6301356.3858
双汇发展,000895.SZ,20160106,19.88,16.4191,1.4665,4.7619,330086.7672,6562124.9319
双汇发展,000895.SZ,20160105,19.65,16.2291,1.4495,4.8176,330086.7672,6486204.9755
双汇发展,000895.SZ,20160104,19.35,15.9813,1.4274,4.8923,330086.7672,6387178.9453
双汇发展,000895.SZ,20151231,20.41,16.8568,1.5056,4.6382,330086.7672,6737070.9186
双汇发展,000895.SZ,20151230,20.42,16.8651,1.5063,4.636,330086.7672,6740371.7862
双汇发展,000895.SZ,20151229,20.59,17.0055,1.5189,4.5977,330086.7672,6796486.5366
双汇发展,000895.SZ,20151228,20.32,16.7825,1.499,4.6588,330086.7672,6707363.1095
双汇发展,000895.SZ,20151225,21.02,17.3606,1.5506,4.5036,330086.7672,6938423.8465
双汇发展,000895.SZ,20151224,20.77,17.1541,1.5322,4.5579,330086.7672,6855902.1547
双汇发展,000895.SZ,20151223,21.54,17.7901,1.589,4.3949,330086.7672,7110068.9655
双汇发展,000895.SZ,20151222,21.56,17.8066,1.5904,4.3908,330086.7672,7116670.7008
双汇发展,000895.SZ,20151221,21.2,17.5093,1.5639,4.4654,330086.7672,6997839.4646
双汇发展,000895.SZ,20151218,19.27,15.9153,1.4215,4.9126,330086.7672,6360772.0039
双汇发展,000895.SZ,20151217,19.25,15.8987,1.42,4.9177,330086.7672,6354170.2686
双汇发展,000895.SZ,20151216,18.91,15.6179,1.395,5.0062,330086.7672,6241940.7678
双汇发展,000895.SZ,20151215,18.96,15.6592,1.3986,4.993,330086.7672,6258445.1061
双汇发展,000895.SZ,20151214,19.0,15.6923,1.4016,4.9825,330086.7672,6271648.5768
双汇发展,000895.SZ,20151211,18.68,15.428,1.378,5.0678,330086.7672,6166020.8113
双汇发展,000895.SZ,20151210,19.07,15.7501,1.4068,4.9642,330086.7672,6294754.6505
双汇发展,000895.SZ,20151209,19.29,15.9318,1.423,4.9076,330086.7672,6367373.7393
双汇发展,000895.SZ,20151208,19.15,15.8161,1.4127,4.9434,330086.7672,6321161.5919
双汇发展,000895.SZ,20151207,19.66,16.2374,1.4503,4.8152,330086.7672,6489505.8432
双汇发展,000895.SZ,20151204,19.51,16.1135,1.4392,4.8522,330086.7672,6439992.8281
双汇发展,000895.SZ,20151203,19.58,16.1713,1.4444,4.8349,330086.7672,6463098.9018
双汇发展,000895.SZ,20151202,19.67,16.2456,1.451,4.8127,330086.7672,6492806.7108
双汇发展,000895.SZ,20151201,19.39,16.0144,1.4304,4.8822,330086.7672,6400382.416
双汇发展,000895.SZ,20151130,19.23,15.8822,1.4186,4.9229,330086.7672,6347568.5333
双汇发展,000895.SZ,20151127,19.2,15.8574,1.4163,4.9306,330086.7672,6337665.9302
双汇发展,000895.SZ,20151126,20.19,16.6751,1.4894,4.6888,330086.7672,6664451.8298
双汇发展,000895.SZ,20151125,20.03,16.5429,1.4776,4.7262,330086.7672,6611637.947
双汇发展,000895.SZ,20151124,19.95,16.4769,1.4717,4.7452,330086.7672,6585231.0056
双汇发展,000895.SZ,20151123,19.95,16.4769,1.4717,4.7452,330086.7672,6585231.0056
双汇发展,000895.SZ,20151120,20.17,16.6586,1.4879,4.6934,330086.7672,6657850.0944
双汇发展,000895.SZ,20151119,20.45,16.8898,1.5086,4.6292,330086.7672,6750274.3892
双汇发展,000895.SZ,20151118,20.1,16.6008,1.4827,4.7098,330086.7672,6634744.0207
双汇发展,000895.SZ,20151117,19.87,16.4108,1.4658,4.7643,330086.7672,6558824.0643
双汇发展,000895.SZ,20151116,19.89,16.4273,1.4672,4.7595,330086.7672,6565425.7996
双汇发展,000895.SZ,20151113,19.7,16.2704,1.4532,4.8054,330086.7672,6502709.3138
双汇发展,000895.SZ,20151112,19.96,16.4851,1.4724,4.7428,330086.7672,6588531.8733
双汇发展,000895.SZ,20151111,20.03,16.5429,1.4776,4.7262,330086.7672,6611637.947
双汇发展,000895.SZ,20151110,19.79,16.3447,1.4599,4.7836,330086.7672,6532417.1229
双汇发展,000895.SZ,20151109,20.14,16.6338,1.4857,4.7004,330086.7672,6647947.4914
双汇发展,000895.SZ,20151106,20.12,16.6173,1.4842,4.7051,330086.7672,6641345.7561
双汇发展,000895.SZ,20151105,20.07,16.576,1.4805,4.7168,330086.7672,6624841.4177
双汇发展,000895.SZ,20151104,19.78,16.3365,1.4591,4.786,330086.7672,6529116.2552
双汇发展,000895.SZ,20151103,19.18,15.8409,1.4149,4.9357,330086.7672,6331064.1949
双汇发展,000895.SZ,20151102,19.09,15.7666,1.4082,4.959,330086.7672,6301356.3858
双汇发展,000895.SZ,20151030,18.87,15.5849,1.392,5.0168,330086.7672,6228737.2971
双汇发展,000895.SZ,20151029,18.81,15.5353,1.3876,5.0328,330086.7672,6208932.091
双汇发展,000895.SZ,20151028,18.56,16.015,1.3612,5.1006,330086.7672,6126410.3992
双汇发展,000895.SZ,20151027,19.26,16.619,1.4126,4.9152,330086.7672,6357471.1363
双汇发展,000895.SZ,20151026,19.65,16.9555,1.4412,4.8176,330086.7672,6486204.9755
双汇发展,000895.SZ,20151023,19.36,16.7053,1.4199,4.8898,330086.7672,6390479.813
双汇发展,000895.SZ,20151022,18.85,16.2652,1.3825,5.0221,330086.7672,6222135.5617
双汇发展,000895.SZ,20151021,18.51,15.9718,1.3575,5.1144,330086.7672,6109906.0609
双汇发展,000895.SZ,20151020,18.78,16.2048,1.3773,5.0408,330086.7672,6199029.488
双汇发展,000895.SZ,20151019,18.69,16.1271,1.3707,5.0651,330086.7672,6169321.679
双汇发展,000895.SZ,20151016,18.63,16.0754,1.3663,5.0814,330086.7672,6149516.4729
双汇发展,000895.SZ,20151015,18.67,16.1099,1.3693,5.0705,330086.7672,6162719.9436
双汇发展,000895.SZ,20151014,18.39,15.8683,1.3487,5.1477,330086.7672,6070295.6488
双汇发展,000895.SZ,20151013,18.75,16.1789,1.3751,5.0489,330086.7672,6189126.885
双汇发展,000895.SZ,20151012,18.85,16.2652,1.3825,5.0221,330086.7672,6222135.5617
双汇发展,000895.SZ,20151009,18.2,15.7043,1.3348,5.2015,330086.7672,6007579.163
双汇发展,000895.SZ,20151008,18.1,15.618,1.3275,5.2302,330086.7672,5974570.4863
双汇发展,000895.SZ,20150930,17.6,15.1866,1.2908,5.3788,330086.7672,5809527.1027
双汇发展,000895.SZ,20150929,17.56,15.1521,1.2879,5.391,330086.7672,5796323.632
双汇发展,000895.SZ,20150928,17.91,15.4541,1.3135,5.2857,330086.7672,5911854.0006
双汇发展,000895.SZ,20150925,17.99,15.5231,1.3194,5.2622,330086.7672,5938260.9419
双汇发展,000895.SZ,20150924,18.04,15.5663,1.3231,5.2476,330086.7672,5954765.2803
双汇发展,000895.SZ,20150923,17.42,15.0313,1.2776,5.4344,330086.7672,5750111.4846
双汇发展,000895.SZ,20150922,17.82,15.3764,1.3069,5.3124,330086.7672,5882146.1915
双汇发展,000895.SZ,20150921,17.73,15.2988,1.3003,5.3393,330086.7672,5852438.3825
双汇发展,000895.SZ,20150918,17.35,14.9709,1.2725,5.4563,330086.7672,5727005.4109
双汇发展,000895.SZ,20150917,17.55,15.1435,1.2871,5.3941,330086.7672,5793022.7644
双汇发展,000895.SZ,20150916,18.09,15.6094,1.3267,5.2331,330086.7672,5971269.6186
双汇发展,000895.SZ,20150915,17.04,14.7034,1.2497,5.5556,330086.7672,5624678.5131
双汇发展,000895.SZ,20150914,17.18,14.8242,1.26,5.5103,330086.7672,5670890.6605
双汇发展,000895.SZ,20150911,17.83,15.3851,1.3077,5.3094,330086.7672,5885447.0592
双汇发展,000895.SZ,20150910,18.08,15.6008,1.326,5.236,330086.7672,5967968.751
双汇发展,000895.SZ,20150909,18.18,15.6871,1.3333,5.2072,330086.7672,6000977.4277
双汇发展,000895.SZ,20150908,17.96,15.4972,1.3172,5.271,330086.7672,5928358.3389
双汇发展,000895.SZ,20150907,17.55,15.1435,1.2871,5.3941,330086.7672,5793022.7644
双汇发展,000895.SZ,20150902,19.06,16.4464,1.3979,4.9668,330086.7672,6291453.7828
双汇发展,000895.SZ,20150901,18.42,15.8942,1.3509,5.1393,330086.7672,6080198.2518
双汇发展,000895.SZ,20150831,17.99,15.5231,1.3194,5.2622,330086.7672,5938260.9419
双汇发展,000895.SZ,20150828,17.5,15.1003,1.2835,5.4095,330086.7672,5776518.426
双汇发展,000895.SZ,20150827,16.95,14.6257,1.2431,5.5851,330086.7672,5594970.704
双汇发展,000895.SZ,20150826,15.9,13.7197,1.1661,5.9539,330086.7672,5248379.5985
双汇发展,000895.SZ,20150825,15.4,13.2883,1.1295,6.1472,330086.7672,5083336.2149
双汇发展,000895.SZ,20150824,17.1,14.7552,1.2541,5.5361,330086.7672,5644483.7191
双汇发展,000895.SZ,20150821,19.0,16.3946,1.3935,4.9825,330086.7672,6271648.5768
双汇发展,000895.SZ,20150820,19.49,16.8174,1.4294,4.8572,330086.7672,6433391.0927
双汇发展,000895.SZ,20150819,19.83,17.1108,1.4544,4.7739,330086.7672,6545620.5936
双汇发展,000895.SZ,20150818,19.68,16.9814,1.4434,4.8103,330086.7672,6496107.5785
双汇发展,000895.SZ,20150817,20.78,17.9305,1.524,4.5557,330086.7672,6859203.0224
双汇发展,000895.SZ,20150814,20.42,17.6199,1.4976,4.636,330086.7672,6740371.7862
双汇发展,000895.SZ,20150813,20.27,17.4905,1.4866,4.6703,330086.7672,6690858.7711
双汇发展,000895.SZ,20150812,20.36,17.3075,1.4808,4.6496,330086.7672,6720566.5802
双汇发展,000895.SZ,20150811,20.77,17.6561,1.5106,4.5579,330086.7672,6855902.1547
双汇发展,000895.SZ,20150810,20.84,17.7156,1.5157,4.5425,330086.7672,6879008.2284
双汇发展,000895.SZ,20150807,20.14,17.1205,1.4648,4.7004,330086.7672,6647947.4914
双汇发展,000895.SZ,20150806,19.93,16.942,1.4495,4.75,330086.7672,6578629.2703
双汇发展,000895.SZ,20150805,19.94,16.9505,1.4503,4.7476,330086.7672,6581930.138
双汇发展,000895.SZ,20150804,20.47,17.401,1.4888,4.6247,330086.7672,6756876.1246
双汇发展,000895.SZ,20150803,20.07,17.061,1.4597,4.7168,330086.7672,6624841.4177
双汇发展,000895.SZ,20150731,19.47,16.551,1.4161,4.8622,330086.7672,6426789.3574
双汇发展,000895.SZ,20150730,19.03,16.1769,1.3841,4.9746,330086.7672,6281551.1798
双汇发展,000895.SZ,20150729,20.36,17.3075,1.4808,4.6496,330086.7672,6720566.5802
双汇发展,000895.SZ,20150728,19.85,16.874,1.4437,4.7691,330086.7672,6552222.3289
双汇发展,000895.SZ,20150727,19.22,16.3385,1.3979,4.9254,330086.7672,6344267.6656
双汇发展,000895.SZ,20150724,21.2,18.0216,1.5419,4.4654,330086.7672,6997839.4646
双汇发展,000895.SZ,20150723,21.86,18.5827,1.5899,4.3306,330086.7672,7215696.731
双汇发展,000895.SZ,20150722,21.7,18.4466,1.5783,4.3625,330086.7672,7162882.8482
双汇发展,000895.SZ,20150721,22.05,18.7442,1.6037,4.2933,330086.7672,7278413.2168
双汇发展,000895.SZ,20150720,20.65,17.5541,1.5019,4.5843,330086.7672,6816291.7427
双汇发展,000895.SZ,20150717,20.99,17.8431,1.5266,4.5101,330086.7672,6928521.2435
双汇发展,000895.SZ,20150716,20.29,17.248,1.4757,4.6657,330086.7672,6697460.5065
双汇发展,000895.SZ,20150715,19.9,16.9165,1.4473,4.7571,330086.7672,6568726.6673
双汇发展,000895.SZ,20150714,21.28,18.0896,1.5477,4.4486,330086.7672,7024246.406
双汇发展,000895.SZ,20150713,22.59,19.2032,1.643,4.1906,330086.7672,7456660.071
双汇发展,000895.SZ,20150710,22.17,18.8462,1.6124,4.27,330086.7672,7318023.6288
双汇发展,000895.SZ,20150709,20.15,17.129,1.4655,4.6981,330086.7672,6651248.3591
双汇发展,000895.SZ,20150708,18.32,15.5734,1.3324,5.1674,330086.7672,6047189.5751
双汇发展,000895.SZ,20150707,20.08,17.0695,1.4604,4.7145,330086.7672,6628142.2854
双汇发展,000895.SZ,20150706,19.58,16.6445,1.4241,4.8349,330086.7672,6463098.9018
双汇发展,000895.SZ,20150703,19.19,16.3129,1.3957,4.9331,330086.7672,6334365.0626
双汇发展,000895.SZ,20150702,19.8,16.8315,1.4401,4.7811,330086.7672,6535717.9906
双汇发展,000895.SZ,20150701,20.27,17.231,1.4743,4.6703,330086.7672,6690858.7711
双汇发展,000895.SZ,20150630,21.33,18.1321,1.5513,4.4382,330086.7672,7040750.7444
双汇发展,000895.SZ,20150629,19.98,16.9845,1.4532,4.7381,330086.7672,6595133.6087
双汇发展,000895.SZ,20150626,20.12,17.1035,1.4633,4.7051,330086.7672,6641345.7561
双汇发展,000895.SZ,20150625,22.35,18.9992,1.6255,4.2356,330086.7672,7377439.2469
双汇发展,000895.SZ,20150624,23.47,19.9513,1.707,4.0335,330086.7672,7747136.4262
双汇发展,000895.SZ,20150623,23.41,19.9003,1.7026,4.0439,330086.7672,7727331.2202
双汇发展,000895.SZ,20150619,22.5,19.1267,1.6364,4.2074,330086.7672,7426952.262
双汇发展,000895.SZ,20150618,24.21,20.5803,1.7608,3.9102,330086.7672,7991400.6339
双汇发展,000895.SZ,20150617,25.26,21.4729,1.8372,3.7477,330086.7672,8337991.7395
双汇发展,000895.SZ,20150616,25.19,21.4134,1.8321,3.7581,330086.7672,8314885.6658
双汇发展,000895.SZ,20150615,26.65,22.6545,1.9383,3.5522,330086.7672,8796812.3459
双汇发展,000895.SZ,20150612,26.82,22.799,1.9506,3.5297,330086.7672,8852927.0963
双汇发展,000895.SZ,20150611,25.98,22.085,1.8895,3.6438,330086.7672,8575654.2119
双汇发展,000895.SZ,20150610,26.35,22.3995,1.9165,3.5927,330086.7672,8697786.3157
双汇发展,000895.SZ,20150609,26.36,22.408,1.9172,3.5913,330086.7672,8701087.1834
双汇发展,000895.SZ,20150608,26.75,22.7395,1.9455,3.5389,330086.7672,8829821.0226
双汇发展,000895.SZ,20150605,25.89,22.0085,1.883,3.6565,330086.7672,8545946.4028
双汇发展,000895.SZ,20150604,25.7,21.8469,1.8692,3.6835,330086.7672,8483229.917
双汇发展,000895.SZ,20150603,26.2,22.272,1.9055,3.6132,330086.7672,8648273.3006
双汇发展,000895.SZ,20150602,26.2,22.272,1.9055,3.6132,330086.7672,8648273.3006
双汇发展,000895.SZ,20150601,26.08,22.17,1.8968,3.6299,330086.7672,8608662.8886
双汇发展,000895.SZ,20150529,25.07,21.3114,1.8234,3.7761,330086.7672,8275275.2537
双汇发展,000895.SZ,20150528,25.56,21.7279,1.859,3.7037,330086.7672,8437017.7696
双汇发展,000895.SZ,20150527,27.05,22.9945,1.9674,3.4997,330086.7672,8928847.0528
双汇发展,000895.SZ,20150526,27.24,23.1561,1.9812,3.4753,330086.7672,8991563.5385
双汇发展,000895.SZ,20150525,27.29,23.1986,1.9848,3.4689,330086.7672,9008067.8769
双汇发展,000895.SZ,20150522,26.5,22.527,1.9274,3.5723,330086.7672,8747299.3308
双汇发展,000895.SZ,20150521,26.5,22.527,1.9274,3.5723,330086.7672,8747299.3308
双汇发展,000895.SZ,20150520,25.63,21.7874,1.8641,3.6936,330086.7672,8460123.8433
双汇发展,000895.SZ,20150519,40.25,22.8104,1.9516,,220057.8448,8857328.2532
双汇发展,000895.SZ,20150518,39.86,22.5893,1.9327,,220057.8448,8771505.6937
双汇发展,000895.SZ,20150515,39.02,22.1133,1.892,,220057.8448,8586657.1041
双汇发展,000895.SZ,20150514,38.67,21.9149,1.875,,220057.8448,8509636.8584
双汇发展,000895.SZ,20150513,38.91,22.051,1.8866,,220057.8448,8562450.7412
双汇发展,000895.SZ,20150512,37.99,21.5296,1.842,,220057.8448,8359997.524
双汇发展,000895.SZ,20150511,38.05,21.5636,1.8449,,220057.8448,8373200.9946
双汇发展,000895.SZ,20150508,37.7,21.3652,1.828,,220057.8448,8296180.749
双汇发展,000895.SZ,20150507,37.14,21.0479,1.8008,,220057.8448,8172948.3559
双汇发展,000895.SZ,20150506,36.46,20.6625,1.7678,,220057.8448,8023309.0214
双汇发展,000895.SZ,20150505,37.12,21.0365,1.7998,,220057.8448,8168547.199
双汇发展,000895.SZ,20150504,38.41,21.7676,1.8624,,220057.8448,8452421.8188
双汇发展,000895.SZ,20150430,38.19,21.6429,1.8517,,220057.8448,8404009.0929
双汇发展,000895.SZ,20150429,39.04,21.2657,1.8801,,220057.8448,8591058.261
双汇发展,000895.SZ,20150428,39.03,21.2603,1.8796,,220057.8448,8588857.6825
双汇发展,000895.SZ,20150427,40.43,22.0229,1.947,,220057.8448,8896938.6653
双汇发展,000895.SZ,20150424,39.86,21.7124,1.9195,,220057.8448,8771505.6937
双汇发展,000895.SZ,20150423,40.72,22.1808,1.961,3.5609,220057.8448,8960755.4403
双汇发展,000895.SZ,20150422,40.46,22.0392,1.9484,3.5838,220057.8448,8903540.4006
双汇发展,000895.SZ,20150421,39.88,21.7233,1.9205,3.6359,220057.8448,8775906.8506
双汇发展,000895.SZ,20150420,38.75,21.1077,1.8661,3.7419,220057.8448,8527241.486
双汇发展,000895.SZ,20150417,40.36,21.9847,1.9436,3.5927,220057.8448,8881534.6161
双汇发展,000895.SZ,20150416,40.67,22.1536,1.9586,3.5653,220057.8448,8949752.548
双汇发展,000895.SZ,20150415,38.75,21.1077,1.8661,3.7419,220057.8448,8527241.486
双汇发展,000895.SZ,20150414,40.43,22.0229,1.947,3.5864,220057.8448,8896938.6653
双汇发展,000895.SZ,20150413,40.16,21.8758,1.934,3.6106,220057.8448,8837523.0472
双汇发展,000895.SZ,20150410,39.4,21.4618,1.8974,3.6802,220057.8448,8670279.0851
双汇发展,000895.SZ,20150409,38.9,21.1895,1.8733,3.7275,220057.8448,8560250.1627
双汇发展,000895.SZ,20150408,39.88,21.7233,1.9205,3.6359,220057.8448,8775906.8506
双汇发展,000895.SZ,20150407,38.91,21.1949,1.8738,3.7265,220057.8448,8562450.7412
双汇发展,000895.SZ,20150403,38.12,20.7646,1.8358,3.8038,220057.8448,8388605.0438
双汇发展,000895.SZ,20150402,38.12,20.7646,1.8358,3.8038,220057.8448,8388605.0438
双汇发展,000895.SZ,20150401,37.29,20.3125,1.7958,3.8884,220057.8448,8205957.0326
双汇发展,000895.SZ,20150331,36.9,20.1,1.777,3.9295,220057.8448,8120134.4731
双汇发展,000895.SZ,20150330,37.01,20.1599,1.7823,3.9179,220057.8448,8144340.836
双汇发展,000895.SZ,20150327,36.61,19.9421,1.763,3.9607,220057.8448,8056317.6981
双汇发展,000895.SZ,20150326,36.55,19.9094,1.7601,3.9672,220057.8448,8043114.2274
双汇发展,000895.SZ,20150325,34.36,18.0639,1.658,4.22,220057.8448,7561187.5473
双汇发展,000895.SZ,20150324,34.49,18.1322,1.6643,4.2041,220057.8448,7589795.0672
双汇发展,000895.SZ,20150323,35.0,18.4003,1.6889,4.1429,220057.8448,7702024.568
双汇发展,000895.SZ,20150320,34.66,18.2216,1.6725,4.1835,220057.8448,7627204.9008
双汇发展,000895.SZ,20150319,34.15,17.9535,1.6479,4.246,220057.8448,7514975.3999
双汇发展,000895.SZ,20150318,34.23,17.9955,1.6518,4.2361,220057.8448,7532580.0275
双汇发展,000895.SZ,20150317,33.5,17.6118,1.6165,4.3284,220057.8448,7371937.8008
双汇发展,000895.SZ,20150316,33.35,17.5329,1.6093,4.3478,220057.8448,7338929.1241
双汇发展,000895.SZ,20150313,32.61,17.1439,1.5736,4.4465,220057.8448,7176086.3189
双汇发展,000895.SZ,20150312,32.57,17.1228,1.5717,4.4519,220057.8448,7167284.0051
双汇发展,000895.SZ,20150311,32.33,16.9967,1.5601,4.485,220057.8448,7114470.1224
双汇发展,000895.SZ,20150310,32.6,17.1386,1.5731,4.4479,220057.8448,7173885.7405
双汇发展,000895.SZ,20150309,32.92,17.3068,1.5886,4.4046,220057.8448,7244304.2508
双汇发展,000895.SZ,20150306,32.61,17.1439,1.5736,4.4465,220057.8448,7176086.3189
双汇发展,000895.SZ,20150305,33.37,17.5434,1.6103,4.3452,220057.8448,7343330.281
双汇发展,000895.SZ,20150304,32.81,17.249,1.5833,4.4194,220057.8448,7220097.8879
双汇发展,000895.SZ,20150303,32.45,17.0597,1.5659,4.4684,220057.8448,7140877.0638
双汇发展,000895.SZ,20150302,32.97,17.3331,1.591,4.3979,220057.8448,7255307.1431
双汇发展,000895.SZ,20150227,32.51,17.0913,1.5688,4.4602,220057.8448,7154080.5344
双汇发展,000895.SZ,20150226,32.43,17.0492,1.5649,4.4712,220057.8448,7136475.9069
双汇发展,000895.SZ,20150225,32.1,16.8757,1.549,4.5171,220057.8448,7063856.8181
双汇发展,000895.SZ,20150217,32.59,17.1334,1.5726,4.4492,220057.8448,7171685.162
双汇发展,000895.SZ,20150216,32.77,17.228,1.5813,4.4248,220057.8448,7211295.5741
双汇发展,000895.SZ,20150213,32.65,17.1649,1.5755,4.441,220057.8448,7184888.6327
双汇发展,000895.SZ,20150212,32.6,17.1386,1.5731,4.4479,220057.8448,7173885.7405
双汇发展,000895.SZ,20150211,32.5,17.086,1.5683,4.4615,220057.8448,7151879.956
双汇发展,000895.SZ,20150210,32.4,17.0335,1.5635,4.4753,220057.8448,7129874.1715
双汇发展,000895.SZ,20150209,32.1,16.8757,1.549,4.5171,220057.8448,7063856.8181
双汇发展,000895.SZ,20150206,31.52,16.5708,1.521,4.6003,220057.8448,6936223.2681
双汇发展,000895.SZ,20150205,31.23,16.4184,1.507,4.643,220057.8448,6872406.4931
双汇发展,000895.SZ,20150204,32.12,16.8863,1.55,4.5143,220057.8448,7068257.975
双汇发展,000895.SZ,20150203,32.71,17.1964,1.5784,4.4329,220057.8448,7198092.1034
双汇发展,000895.SZ,20150202,32.22,16.9388,1.5548,4.5003,220057.8448,7090263.7595
双汇发展,000895.SZ,20150130,32.4,17.0335,1.5635,4.4753,220057.8448,7129874.1715
双汇发展,000895.SZ,20150129,32.59,17.1334,1.5726,4.4492,220057.8448,7171685.162
双汇发展,000895.SZ,20150128,33.15,17.4278,1.5997,4.3741,220057.8448,7294917.5551
双汇发展,000895.SZ,20150127,33.26,17.4856,1.605,4.3596,220057.8448,7319123.918
双汇发展,000895.SZ,20150126,33.75,17.7432,1.6286,4.2963,220057.8448,7426952.262
双汇发展,000895.SZ,20150123,32.82,17.2543,1.5837,4.418,220057.8448,7222298.4663
双汇发展,000895.SZ,20150122,32.99,17.3436,1.5919,4.3953,220057.8448,7259708.3
双汇发展,000895.SZ,20150121,33.19,17.4488,1.6016,4.3688,220057.8448,7303719.8689
双汇发展,000895.SZ,20150120,32.37,17.0177,1.562,4.4795,220057.8448,7123272.4362
双汇发展,000895.SZ,20150119,31.48,16.5498,1.5191,4.6061,220057.8448,6927420.9543
双汇发展,000895.SZ,20150116,33.05,17.3752,1.5948,4.3873,220057.8448,7272911.7706
双汇发展,000895.SZ,20150115,32.45,17.0597,1.5659,4.4684,220057.8448,7140877.0638
双汇发展,000895.SZ,20150114,32.07,16.86,1.5475,4.5214,220057.8448,7057255.0827
双汇发展,000895.SZ,20150113,32.91,17.3016,1.5881,4.406,220057.8448,7242103.6724
双汇发展,000895.SZ,20150112,33.35,17.5329,1.6093,4.3478,220057.8448,7338929.1241
双汇发展,000895.SZ,20150109,32.88,17.2858,1.5866,4.41,220057.8448,7235501.937
双汇发展,000895.SZ,20150108,33.64,17.6854,1.6233,4.3103,220057.8448,7402745.8991
双汇发展,000895.SZ,20150107,34.14,17.9482,1.6474,4.2472,220057.8448,7512774.8215
双汇发展,000895.SZ,20150106,33.97,17.8589,1.6392,4.2685,220057.8448,7475364.9879
双汇发展,000895.SZ,20150105,32.72,17.2017,1.5789,4.4315,220057.8448,7200292.6819
双汇发展,000895.SZ,20141231,31.55,16.5866,1.5224,4.5959,220057.8448,6942825.0034
双汇发展,000895.SZ,20141230,31.71,16.6707,1.5302,4.5727,220057.8448,6978034.2586
双汇发展,000895.SZ,20141229,31.86,16.7496,1.5374,4.5512,220057.8448,7011042.9353
双汇发展,000895.SZ,20141226,30.9,16.2449,1.4911,4.6926,220057.8448,6799787.4043
双汇发展,000895.SZ,20141225,30.66,16.1187,1.4795,4.7293,220057.8448,6746973.5216
双汇发展,000895.SZ,20141224,30.47,16.0188,1.4703,4.7588,220057.8448,6705162.5311
双汇发展,000895.SZ,20141223,30.43,15.9978,1.4684,4.765,220057.8448,6696360.2173
双汇发展,000895.SZ,20141222,29.91,15.7244,1.4433,4.8479,220057.8448,6581930.138
双汇发展,000895.SZ,20141219,29.21,15.3564,1.4095,4.9641,220057.8448,6427889.6466
双汇发展,000895.SZ,20141218,30.11,15.8296,1.453,4.8157,220057.8448,6625941.7069
双汇发展,000895.SZ,20141217,30.1,15.8243,1.4525,4.8173,220057.8448,6623741.1285
双汇发展,000895.SZ,20141216,30.77,16.1765,1.4848,4.7124,220057.8448,6771179.8845
双汇发展,000895.SZ,20141215,31.17,16.3868,1.5041,4.6519,220057.8448,6859203.0224
双汇发展,000895.SZ,20141212,31.34,16.4762,1.5123,4.6267,220057.8448,6896612.856
双汇发展,000895.SZ,20141211,31.35,16.4815,1.5128,4.6252,220057.8448,6898813.4345
双汇发展,000895.SZ,20141210,31.5,16.5603,1.52,4.6032,220057.8448,6931822.1112
双汇发展,000895.SZ,20141209,30.45,16.0083,1.4694,4.7619,220057.8448,6700761.3742
双汇发展,000895.SZ,20141208,30.4,15.982,1.467,4.7697,220057.8448,6689758.4819
双汇发展,000895.SZ,20141205,30.16,15.8558,1.4554,4.8077,220057.8448,6636944.5992
双汇发展,000895.SZ,20141204,31.12,16.3605,1.5017,4.6594,220057.8448,6848200.1302
双汇发展,000895.SZ,20141203,30.15,15.8506,1.4549,4.8093,220057.8448,6634744.0207
双汇发展,000895.SZ,20141202,29.4,15.4563,1.4187,4.932,220057.8448,6469700.6371
双汇发展,000895.SZ,20141201,29.31,15.409,1.4144,4.9471,220057.8448,6449895.4311
双汇发展,000895.SZ,20141128,29.64,15.5825,1.4303,4.892,220057.8448,6522514.5199
双汇发展,000895.SZ,20141127,28.55,15.0094,1.3777,5.0788,220057.8448,6282651.469
双汇发展,000895.SZ,20141126,28.59,15.0305,1.3796,5.0717,220057.8448,6291453.7828
双汇发展,000895.SZ,20141125,28.62,15.0462,1.3811,5.0664,220057.8448,6298055.5182
双汇发展,000895.SZ,20141124,28.39,14.9253,1.37,5.1074,220057.8448,6247442.2139
双汇发展,000895.SZ,20141121,28.25,14.8517,1.3632,5.1327,220057.8448,6216634.1156
双汇发展,000895.SZ,20141120,28.22,14.8359,1.3618,5.1382,220057.8448,6210032.3803
双汇发展,000895.SZ,20141119,28.16,14.8044,1.3589,5.1491,220057.8448,6196828.9096
双汇发展,000895.SZ,20141118,28.32,14.8885,1.3666,5.1201,220057.8448,6232038.1647
双汇发展,000895.SZ,20141117,28.58,15.0252,1.3791,5.0735,220057.8448,6289253.2044
双汇发展,000895.SZ,20141114,28.59,15.0305,1.3796,5.0717,220057.8448,6291453.7828
双汇发展,000895.SZ,20141113,28.18,14.8149,1.3598,5.1455,220057.8448,6201230.0665
双汇发展,000895.SZ,20141112,28.3,14.878,1.3656,5.1237,220057.8448,6227637.0078
双汇发展,000895.SZ,20141111,28.18,14.8149,1.3598,5.1455,220057.8448,6201230.0665
双汇发展,000895.SZ,20141110,28.56,15.0147,1.3782,5.077,220057.8448,6284852.0475
双汇发展,000895.SZ,20141107,28.25,14.8517,1.3632,5.1327,220057.8448,6216634.1156
双汇发展,000895.SZ,20141106,28.61,15.041,1.3806,5.0682,220057.8448,6295854.9397
双汇发展,000895.SZ,20141105,28.37,14.9148,1.369,5.111,220057.8448,6243041.057
双汇发展,000895.SZ,20141104,28.52,14.9937,1.3762,5.0842,220057.8448,6276049.7337
双汇发展,000895.SZ,20141103,28.85,15.1671,1.3922,5.026,220057.8448,6348668.8225
双汇发展,000895.SZ,20141031,28.5,14.9831,1.3753,5.0877,220057.8448,6271648.5768
双汇发展,000895.SZ,20141030,28.7,15.0883,1.3849,5.0523,220057.8448,6315660.1458
双汇发展,000895.SZ,20141029,28.85,15.1671,1.3922,5.026,220057.8448,6348668.8225
双汇发展,000895.SZ,20141028,28.7,15.0883,1.3849,5.0523,220057.8448,6315660.1458
双汇发展,000895.SZ,20141027,28.65,15.062,1.3825,5.0611,220057.8448,6304657.2535
双汇发展,000895.SZ,20141024,31.83,16.0456,1.5331,4.5555,220057.8448,7004441.2
双汇发展,000895.SZ,20141023,33.5,16.8875,1.6136,4.3284,220057.8448,7371937.8008
双汇发展,000895.SZ,20141022,33.85,17.0639,1.6304,4.2836,220057.8448,7448958.0465
双汇发展,000895.SZ,20141021,33.66,16.9682,1.6213,4.3078,220057.8448,7407147.056
双汇发展,000895.SZ,20141020,33.67,16.9732,1.6218,4.3065,220057.8448,7409347.6344
双汇发展,000895.SZ,20141017,33.48,16.8774,1.6126,4.3309,220057.8448,7367536.6439
双汇发展,000895.SZ,20141016,33.12,16.6959,1.5953,4.378,220057.8448,7288315.8198
双汇发展,000895.SZ,20141015,33.59,16.9329,1.6179,4.3168,220057.8448,7391743.0068
双汇发展,000895.SZ,20141014,33.33,16.8018,1.6054,4.3504,220057.8448,7334527.9672
双汇发展,000895.SZ,20141013,33.67,16.9732,1.6218,4.3065,220057.8448,7409347.6344
双汇发展,000895.SZ,20141010,33.8,17.0387,1.628,4.2899,220057.8448,7437955.1542
双汇发展,000895.SZ,20141009,34.48,17.3815,1.6608,4.2053,220057.8448,7587594.4887
双汇发展,000895.SZ,20141008,34.71,17.4975,1.6719,4.1775,220057.8448,7638207.793
双汇发展,000895.SZ,20140930,33.56,16.9177,1.6165,4.3206,220057.8448,7385141.2715
双汇发展,000895.SZ,20140929,33.53,16.9026,1.615,4.3245,220057.8448,7378539.5361
双汇发展,000895.SZ,20140926,33.49,16.8825,1.6131,4.3297,220057.8448,7369737.2224
双汇发展,000895.SZ,20140925,33.8,17.0387,1.628,4.2899,220057.8448,7437955.1542
双汇发展,000895.SZ,20140924,34.06,17.1698,1.6405,4.2572,220057.8448,7495170.1939
双汇发展,000895.SZ,20140923,33.42,16.8472,1.6097,4.3387,220057.8448,7354333.1732
双汇发展,000895.SZ,20140922,33.25,16.7615,1.6015,4.3609,220057.8448,7316923.3396
双汇发展,000895.SZ,20140919,34.14,17.2101,1.6444,4.2472,220057.8448,7512774.8215
双汇发展,000895.SZ,20140918,34.04,17.1597,1.6396,4.2597,220057.8448,7490769.037
双汇发展,000895.SZ,20140917,34.24,17.2605,1.6492,4.2348,220057.8448,7534780.606
双汇发展,000895.SZ,20140916,34.06,17.1698,1.6405,4.2572,220057.8448,7495170.1939
双汇发展,000895.SZ,20140915,35.17,17.7294,1.694,4.1228,220057.8448,7739434.4016
双汇发展,000895.SZ,20140912,35.27,17.7798,1.6988,4.1111,220057.8448,7761440.1861
双汇发展,000895.SZ,20140911,35.46,17.8755,1.708,4.0891,220057.8448,7803251.1766
双汇发展,000895.SZ,20140910,36.25,18.2738,1.746,4.0,220057.8448,7977096.874
双汇发展,000895.SZ,20140909,36.52,18.4099,1.759,3.9704,220057.8448,8036512.4921
双汇发展,000895.SZ,20140905,36.13,18.2133,1.7403,4.0133,220057.8448,7950689.9326
双汇发展,000895.SZ,20140904,36.09,18.1931,1.7383,4.0177,220057.8448,7941887.6188
双汇发展,000895.SZ,20140903,36.1,18.1982,1.7388,4.0166,220057.8448,7944088.1973
双汇发展,000895.SZ,20140902,35.54,17.9159,1.7118,4.0799,220057.8448,7820855.8042
双汇发展,000895.SZ,20140901,35.33,17.81,1.7017,4.1042,220057.8448,7774643.6568
双汇发展,000895.SZ,20140829,34.87,17.5781,1.6796,4.1583,220057.8448,7673417.0482
双汇发展,000895.SZ,20140828,34.42,17.3513,1.6579,4.2127,220057.8448,7574391.018
双汇发展,000895.SZ,20140827,34.7,17.4924,1.6714,4.1787,220057.8448,7636007.2146
双汇发展,000895.SZ,20140826,35.06,17.6739,1.6887,4.1358,220057.8448,7715228.0387
双汇发展,000895.SZ,20140825,35.93,18.1125,1.7306,4.0356,220057.8448,7906678.3637
双汇发展,000895.SZ,20140822,36.79,18.546,1.772,3.9413,220057.8448,8095928.1102
双汇发展,000895.SZ,20140821,36.16,18.2284,1.7417,4.01,220057.8448,7957291.668
双汇发展,000895.SZ,20140820,35.43,17.8604,1.7065,4.0926,220057.8448,7796649.4413
双汇发展,000895.SZ,20140819,35.26,17.7747,1.6983,4.1123,220057.8448,7759239.6076
双汇发展,000895.SZ,20140818,35.44,17.8655,1.707,4.0914,220057.8448,7798850.0197
双汇发展,000895.SZ,20140815,35.25,17.7697,1.6979,4.1135,220057.8448,7757039.0292
双汇发展,000895.SZ,20140814,35.0,17.6437,1.6858,4.1429,220057.8448,7702024.568
双汇发展,000895.SZ,20140813,36.3,18.299,1.7484,3.9945,220057.8448,7988099.7662
双汇发展,000895.SZ,20140812,36.12,18.2083,1.7398,4.0144,220057.8448,7948489.3542
双汇发展,000895.SZ,20140811,36.79,19.3792,1.7799,3.9413,220057.8448,8095928.1102
双汇发展,000895.SZ,20140808,35.92,18.9209,1.7378,4.0367,220057.8448,7904477.7852
双汇发展,000895.SZ,20140807,36.05,18.9894,1.7441,4.0222,220057.8448,7933085.305
双汇发展,000895.SZ,20140806,36.91,19.4424,1.7857,3.9285,220057.8448,8122335.0516
双汇发展,000895.SZ,20140805,37.35,19.6742,1.807,3.8822,220057.8448,8219160.5033
双汇发展,000895.SZ,20140804,37.48,19.7427,1.8133,3.8687,220057.8448,8247768.0231
双汇发展,000895.SZ,20140801,37.55,19.7795,1.8167,3.8615,220057.8448,8263172.0722
双汇发展,000895.SZ,20140731,37.91,19.9692,1.8341,3.8248,220057.8448,8342392.8964
双汇发展,000895.SZ,20140730,36.47,19.2106,1.7644,3.9759,220057.8448,8025509.5999
双汇发展,000895.SZ,20140729,36.11,19.021,1.747,4.0155,220057.8448,7946288.7757
双汇发展,000895.SZ,20140728,36.1,19.0157,1.7465,4.0166,220057.8448,7944088.1973
双汇发展,000895.SZ,20140725,34.39,18.115,1.6638,4.2163,220057.8448,7567789.2827
双汇发展,000895.SZ,20140724,33.7,17.7515,1.6304,4.3027,220057.8448,7415949.3698
双汇发展,000895.SZ,20140723,33.5,17.6462,1.6207,4.3284,220057.8448,7371937.8008
双汇发展,000895.SZ,20140722,33.8,17.8042,1.6353,4.2899,220057.8448,7437955.1542
双汇发展,000895.SZ,20140721,33.63,17.7147,1.627,4.3116,220057.8448,7400545.3206
双汇发展,000895.SZ,20140718,32.93,17.3459,1.5932,4.4033,220057.8448,7246504.8293
双汇发展,000895.SZ,20140717,32.71,17.2301,1.5825,4.4329,220057.8448,7198092.1034
双汇发展,000895.SZ,20140716,32.33,17.0299,1.5641,4.485,220057.8448,7114470.1224
双汇发展,000895.SZ,20140715,33.01,17.3881,1.597,4.3926,220057.8448,7264109.4568
双汇发展,000895.SZ,20140714,32.12,16.9193,1.554,4.5143,220057.8448,7068257.975
双汇发展,000895.SZ,20140711,31.73,16.7138,1.5351,4.5698,220057.8448,6982435.4155
双汇发展,000895.SZ,20140710,31.64,16.6664,1.5308,4.5828,220057.8448,6962630.2095
双汇发展,000895.SZ,20140709,32.08,16.8982,1.552,4.52,220057.8448,7059455.6612
双汇发展,000895.SZ,20140708,33.6,17.6989,1.6256,4.3155,220057.8448,7393943.5853
双汇发展,000895.SZ,20140707,33.59,17.6936,1.6251,4.3168,220057.8448,7391743.0068
双汇发展,000895.SZ,20140704,33.87,17.8411,1.6386,4.2811,220057.8448,7453359.2034
双汇发展,000895.SZ,20140703,33.69,17.7463,1.6299,4.3039,220057.8448,7413748.7913
双汇发展,000895.SZ,20140702,33.8,17.8042,1.6353,4.2899,220057.8448,7437955.1542
双汇发展,000895.SZ,20140701,34.7,18.2783,1.6788,4.1787,220057.8448,7636007.2146
双汇发展,000895.SZ,20140630,35.79,18.8525,1.7315,4.0514,220057.8448,7875870.2654
双汇发展,000895.SZ,20140627,35.79,18.8525,1.7315,4.0514,220057.8448,7875870.2654
双汇发展,000895.SZ,20140626,35.61,18.7576,1.7228,4.0719,220057.8448,7836259.8533
双汇发展,000895.SZ,20140625,35.45,18.6734,1.7151,4.0903,220057.8448,7801050.5982
双汇发展,000895.SZ,20140624,35.09,18.4837,1.6977,4.1322,220057.8448,7721829.774
双汇发展,000895.SZ,20140623,34.87,18.3678,1.687,4.1583,220057.8448,7673417.0482
双汇发展,000895.SZ,20140620,34.8,18.331,1.6836,4.1667,220057.8448,7658012.999
双汇发展,000895.SZ,20140619,34.47,18.1571,1.6677,4.2066,220057.8448,7585393.9103
双汇发展,000895.SZ,20140618,35.21,18.5469,1.7035,4.1181,220057.8448,7748236.7154
双汇发展,000895.SZ,20140617,35.89,18.9051,1.7364,4.0401,220057.8448,7897876.0499
双汇发展,000895.SZ,20140616,35.72,18.8156,1.7282,4.0594,220057.8448,7860466.2163
双汇发展,000895.SZ,20140613,35.9,18.9104,1.7369,4.039,220057.8448,7900076.6283
双汇发展,000895.SZ,20140612,35.46,18.6786,1.7156,4.0891,220057.8448,7803251.1766
双汇发展,000895.SZ,20140611,35.05,18.4627,1.6957,4.1369,220057.8448,7713027.4602
双汇发展,000895.SZ,20140610,35.42,18.6576,1.7136,4.0937,220057.8448,7794448.8628
双汇发展,000895.SZ,20140609,35.21,18.5469,1.7035,4.1181,220057.8448,7748236.7154
双汇发展,000895.SZ,20140606,34.3,18.0676,1.6595,4.2274,220057.8448,7547984.0766
双汇发展,000895.SZ,20140605,34.18,18.0044,1.6536,4.2422,220057.8448,7521577.1353
双汇发展,000895.SZ,20140604,33.9,17.8569,1.6401,4.2773,220057.8448,7459960.9387
双汇发展,000895.SZ,20140603,33.78,17.7937,1.6343,4.2925,220057.8448,7433553.9973
双汇发展,000895.SZ,20140530,34.27,18.0518,1.658,4.2311,220057.8448,7541382.3413
双汇发展,000895.SZ,20140529,34.39,18.115,1.6638,4.2163,220057.8448,7567789.2827
双汇发展,000895.SZ,20140528,34.34,18.0887,1.6614,4.2225,220057.8448,7556786.3904
双汇发展,000895.SZ,20140527,34.3,18.0676,1.6595,4.2274,220057.8448,7547984.0766
双汇发展,000895.SZ,20140526,34.76,18.3099,1.6817,4.1715,220057.8448,7649210.6852
双汇发展,000895.SZ,20140523,34.03,17.9254,1.6464,4.2609,220057.8448,7488568.4585
双汇发展,000895.SZ,20140522,33.52,17.6567,1.6217,4.3258,220057.8448,7376338.9577
双汇发展,000895.SZ,20140521,33.58,17.6883,1.6246,4.318,220057.8448,7389542.4284
双汇发展,000895.SZ,20140520,33.77,17.7884,1.6338,4.2938,220057.8448,7431353.4189
双汇发展,000895.SZ,20140519,34.67,18.2625,1.6774,4.1823,220057.8448,7629405.4792
双汇发展,000895.SZ,20140516,35.21,18.5469,1.7035,4.1181,220057.8448,7748236.7154
双汇发展,000895.SZ,20140515,35.33,18.6101,1.7093,4.1042,220057.8448,7774643.6568
双汇发展,000895.SZ,20140514,35.87,18.8946,1.7354,4.0424,220057.8448,7893474.893
双汇发展,000895.SZ,20140513,36.0,18.9631,1.7417,4.0278,220057.8448,7922082.4128
双汇发展,000895.SZ,20140512,35.98,18.9525,1.7407,4.03,220057.8448,7917681.2559
双汇发展,000895.SZ,20140509,35.5,18.6997,1.7175,4.0845,220057.8448,7812053.4904
双汇发展,000895.SZ,20140508,35.85,18.8841,1.7344,4.0446,220057.8448,7889073.7361
双汇发展,000895.SZ,20140507,36.26,19.1,1.7543,3.9989,220057.8448,7979297.4524
双汇发展,000895.SZ,20140506,36.72,19.3423,1.7765,3.9488,220057.8448,8080524.0611
双汇发展,000895.SZ,20140505,36.73,19.3476,1.777,3.9477,220057.8448,8082724.6395
双汇发展,000895.SZ,20140430,35.97,18.9473,1.7402,5.9077,220057.8448,7915480.6775
双汇发展,000895.SZ,20140429,36.81,20.9951,1.8021,5.7729,220057.8448,8100329.2671
双汇发展,000895.SZ,20140428,36.02,20.5445,1.7634,5.8995,220057.8448,7926483.5697
双汇发展,000895.SZ,20140425,36.56,20.8525,1.7898,5.8124,220057.8448,8045314.8059
双汇发展,000895.SZ,20140424,36.6,20.8753,1.7918,5.806,220057.8448,8054117.1197
双汇发展,000895.SZ,20140423,39.1,22.3012,1.9142,1.7263,220057.8448,8604261.7317
双汇发展,000895.SZ,20140422,39.94,22.7804,1.9553,1.69,220057.8448,8789110.3213
双汇发展,000895.SZ,20140421,39.27,22.3982,1.9225,1.7189,220057.8448,8641671.5653
双汇发展,000895.SZ,20140418,39.55,22.5579,1.9362,1.7067,220057.8448,8703287.7618
双汇发展,000895.SZ,20140417,39.35,22.4438,1.9264,1.7154,220057.8448,8659276.1929
双汇发展,000895.SZ,20140416,39.52,22.5408,1.9347,1.708,220057.8448,8696686.0265
双汇发展,000895.SZ,20140415,39.99,22.8089,1.9577,1.6879,220057.8448,8800113.2136
双汇发展,000895.SZ,20140414,40.5,23.0998,1.9827,1.6667,220057.8448,8912342.7144
双汇发展,000895.SZ,20140411,42.52,24.2519,2.0816,1.5875,220057.8448,9356859.5609
双汇发展,000895.SZ,20140410,41.72,23.7956,2.0424,1.6179,220057.8448,9180813.2851
双汇发展,000895.SZ,20140409,41.5,23.6701,2.0317,1.6265,220057.8448,9132400.5592
双汇发展,000895.SZ,20140408,41.71,23.7899,2.0419,1.6183,220057.8448,9178612.7066
双汇发展,000895.SZ,20140404,40.8,23.2709,1.9974,1.6544,220057.8448,8978360.0678
双汇发展,000895.SZ,20140403,38.6,22.0161,1.8897,1.7487,220057.8448,8494232.8093
双汇发展,000895.SZ,20140402,38.78,22.1187,1.8985,1.7406,220057.8448,8533843.2213
双汇发展,000895.SZ,20140401,39.46,22.5066,1.9318,1.7106,220057.8448,8683482.5558
双汇发展,000895.SZ,20140331,39.29,22.4096,1.9235,1.718,220057.8448,8646072.7222
双汇发展,000895.SZ,20140328,37.9,21.6168,1.8554,1.781,220057.8448,8340192.3179
双汇发展,000895.SZ,20140327,38.32,21.8564,1.876,1.7615,220057.8448,8432616.6127
双汇发展,000895.SZ,20140326,39.18,22.3469,1.9181,1.7228,220057.8448,8621866.3593
双汇发展,000895.SZ,20140325,39.04,22.267,1.9112,1.729,220057.8448,8591058.261
双汇发展,000895.SZ,20140324,39.15,22.3298,1.9166,1.7241,220057.8448,8615264.6239
双汇发展,000895.SZ,20140321,39.38,22.461,1.9279,1.7141,220057.8448,8665877.9282
双汇发展,000895.SZ,20140320,38.6,22.0161,1.8897,1.7487,220057.8448,8494232.8093
双汇发展,000895.SZ,20140319,39.54,22.5522,1.9357,1.7071,220057.8448,8701087.1834
双汇发展,000895.SZ,20140318,40.91,23.3336,2.0028,1.65,220057.8448,9002566.4308
双汇发展,000895.SZ,20140317,41.43,23.6302,2.0282,1.6293,220057.8448,9116996.5101
双汇发展,000895.SZ,20140314,42.06,23.9895,2.0591,1.6049,220057.8448,9255632.9523
双汇发展,000895.SZ,20140313,43.15,24.6112,2.1124,1.5643,220057.8448,9495496.0031
双汇发展,000895.SZ,20140312,43.33,24.7139,2.1212,1.5578,220057.8448,9535106.4152
双汇发展,000895.SZ,20140311,42.99,24.52,2.1046,1.5701,220057.8448,9460286.748
双汇发展,000895.SZ,20140310,41.75,23.8127,2.0439,1.6168,220057.8448,9187415.0204
双汇发展,000895.SZ,20140307,41.43,23.6302,2.0282,1.6293,220057.8448,9116996.5101
双汇发展,000895.SZ,20140306,42.08,24.0009,2.0601,1.6041,220057.8448,9260034.1092
双汇发展,000895.SZ,20140305,42.11,24.018,2.0615,1.6029,220057.8448,9266635.8445
双汇发展,000895.SZ,20140304,42.16,24.0466,2.064,1.601,220057.8448,9277638.7368
双汇发展,000895.SZ,20140303,43.4,24.7538,2.1247,1.5553,220057.8448,9550510.4643
双汇发展,000895.SZ,20140228,42.17,24.0523,2.0645,1.6007,220057.8448,9279839.3152
双汇发展,000895.SZ,20140227,40.97,23.3678,2.0057,1.6475,220057.8448,9015769.9015
双汇发展,000895.SZ,20140226,41.08,23.4306,2.0111,1.6431,220057.8448,9039976.2644
双汇发展,000895.SZ,20140225,40.5,23.0998,1.9827,1.6667,220057.8448,8912342.7144
双汇发展,000895.SZ,20140224,43.0,26.1282,2.193,1.5698,220057.8448,9462487.3264
双汇发展,000895.SZ,20140221,44.6,27.1005,2.2746,1.5135,220057.8448,9814579.8781
双汇发展,000895.SZ,20140220,44.63,27.1187,2.2762,1.5124,220057.8448,9821181.6134
双汇发展,000895.SZ,20140219,43.43,26.3895,2.215,1.5542,220057.8448,9557112.1997
双汇发展,000895.SZ,20140218,42.9,26.0675,2.1879,1.5734,220057.8448,9440481.5419
双汇发展,000895.SZ,20140217,44.1,26.7966,2.2491,1.5306,220057.8448,9704550.9557
双汇发展,000895.SZ,20140214,44.68,27.1491,2.2787,1.5107,220057.8448,9832184.5057
双汇发展,000895.SZ,20140213,45.0,27.3435,2.295,1.5,220057.8448,9902603.016
双汇发展,000895.SZ,20140212,45.59,27.702,2.3251,1.4806,220057.8448,10032437.1444
双汇发展,000895.SZ,20140211,45.85,27.86,2.3384,1.4722,220057.8448,10089652.1841
双汇发展,000895.SZ,20140210,46.44,28.2185,2.3685,1.4535,220057.8448,10219486.3125
双汇发展,000895.SZ,20140207,44.03,26.7541,2.2456,1.533,220057.8448,9689146.9065
双汇发展,000895.SZ,20140130,44.85,27.2524,2.2874,1.505,220057.8448,9869594.3393
双汇发展,000895.SZ,20140129,46.31,28.1395,2.3619,1.4576,220057.8448,10190878.7927
双汇发展,000895.SZ,20140128,45.73,27.7871,2.3323,1.4761,220057.8448,10063245.2427
双汇发展,000895.SZ,20140127,46.7,28.3765,2.3817,1.4454,220057.8448,10276701.3522
双汇发展,000895.SZ,20140124,48.29,29.3426,2.4628,1.3978,220057.8448,10626593.3254
双汇发展,000895.SZ,20140123,48.63,29.5492,2.4802,1.388,220057.8448,10701412.9926
双汇发展,000895.SZ,20140122,48.99,29.768,2.4985,1.3778,220057.8448,10780633.8168
双汇发展,000895.SZ,20140121,48.45,29.4398,2.471,1.3932,220057.8448,10661802.5806
双汇发展,000895.SZ,20140120,46.95,28.5284,2.3945,1.4377,220057.8448,10331715.8134
双汇发展,000895.SZ,20140117,48.65,29.5614,2.4812,1.3875,220057.8448,10705814.1495
双汇发展,000895.SZ,20140116,48.82,29.6647,2.4899,1.3826,220057.8448,10743223.9831
双汇发展,000895.SZ,20140115,47.01,28.5649,2.3976,1.4359,220057.8448,10344919.284
双汇发展,000895.SZ,20140114,47.0,28.5588,2.397,1.4362,220057.8448,10342718.7056
双汇发展,000895.SZ,20140113,46.49,28.2489,2.371,1.4519,220057.8448,10230489.2048
双汇发展,000895.SZ,20140110,45.55,27.6777,2.3231,1.4819,220057.8448,10023634.8306
双汇发展,000895.SZ,20140109,45.71,27.7749,2.3313,1.4767,220057.8448,10058844.0858
双汇发展,000895.SZ,20140108,45.51,27.6534,2.3211,1.4832,220057.8448,10014832.5168
双汇发展,000895.SZ,20140107,45.15,27.4347,2.3027,1.495,220057.8448,9935611.6927
双汇发展,000895.SZ,20140106,44.43,26.9972,2.266,1.5192,220057.8448,9777170.0445
双汇发展,000895.SZ,20140103,45.96,27.9268,2.344,1.4687,220057.8448,10113858.547
双汇发展,000895.SZ,20140102,46.19,28.0666,2.3557,1.4614,220057.8448,10164471.8513
双汇发展,000895.SZ,20131231,47.08,28.6074,2.4011,1.4337,220057.8448,10360323.3332
双汇发展,000895.SZ,20131230,47.08,28.6074,2.4011,1.4337,220057.8448,10360323.3332
双汇发展,000895.SZ,20131227,46.59,28.3096,2.3761,1.4488,220057.8448,10252494.9892
双汇发展,000895.SZ,20131226,46.14,28.0362,2.3532,1.4629,220057.8448,10153468.9591
双汇发展,000895.SZ,20131225,46.54,28.2793,2.3736,1.4504,220057.8448,10241492.097
双汇发展,000895.SZ,20131224,45.4,27.5866,2.3154,1.4868,220057.8448,9990626.1539
双汇发展,000895.SZ,20131223,44.28,26.906,2.2583,1.5244,220057.8448,9744161.3677
双汇发展,000895.SZ,20131220,43.27,26.2923,2.2068,1.56,220057.8448,9521902.9445
双汇发展,000895.SZ,20131219,43.5,26.4321,2.2185,1.5517,220057.8448,9572516.2488
双汇发展,000895.SZ,20131218,43.94,26.6994,2.241,1.5362,220057.8448,9669341.7005
双汇发展,000895.SZ,20131217,43.82,26.6265,2.2349,1.5404,220057.8448,9642934.7591
双汇发展,000895.SZ,20131216,43.3,26.3105,2.2083,1.5589,220057.8448,9528504.6798
双汇发展,000895.SZ,20131213,43.89,26.669,2.2384,1.5379,220057.8448,9658338.8083
双汇发展,000895.SZ,20131212,44.43,26.9972,2.266,1.5192,220057.8448,9777170.0445
双汇发展,000895.SZ,20131211,45.02,27.3557,2.2961,1.4993,220057.8448,9907004.1729
双汇发展,000895.SZ,20131210,45.79,27.8235,2.3353,1.4741,220057.8448,10076448.7134
双汇发展,000895.SZ,20131209,46.05,27.9815,2.3486,1.4658,220057.8448,10133663.753
双汇发展,000895.SZ,20131206,46.3,28.1334,2.3613,1.4579,220057.8448,10188678.2142
双汇发展,000895.SZ,20131205,46.2,28.0727,2.3562,1.461,220057.8448,10166672.4298
双汇发展,000895.SZ,20131204,46.52,28.2671,2.3726,1.451,220057.8448,10237090.9401
双汇发展,000895.SZ,20131203,46.07,27.9937,2.3496,1.4652,220057.8448,10138064.9099
双汇发展,000895.SZ,20131202,45.28,27.5136,2.3093,1.4907,220057.8448,9964219.2125
双汇发展,000895.SZ,20131129,45.1,27.4043,2.3001,1.4967,220057.8448,9924608.8005
双汇发展,000895.SZ,20131128,45.4,27.5866,2.3154,1.4868,220057.8448,9990626.1539
双汇发展,000895.SZ,20131127,43.55,26.4624,2.2211,1.5499,220057.8448,9583519.141
双汇发展,000895.SZ,20131126,42.85,26.0371,2.1854,1.5753,220057.8448,9429478.6497
双汇发展,000895.SZ,20131125,43.63,26.5111,2.2252,1.5471,220057.8448,9601123.7686
双汇发展,000895.SZ,20131122,43.95,26.7055,2.2415,1.5358,220057.8448,9671542.279
双汇发展,000895.SZ,20131121,43.98,26.7237,2.243,1.5348,220057.8448,9678144.0143
双汇发展,000895.SZ,20131120,44.5,27.0397,2.2695,1.5169,220057.8448,9792574.0936
双汇发展,000895.SZ,20131119,44.44,27.0032,2.2665,1.5189,220057.8448,9779370.6229
双汇发展,000895.SZ,20131118,44.9,27.2827,2.2899,1.5033,220057.8448,9880597.2315
双汇发展,000895.SZ,20131115,44.0,26.7359,2.244,1.5341,220057.8448,9682545.1712
双汇发展,000895.SZ,20131114,43.44,26.3956,2.2155,1.5539,220057.8448,9559312.7781
双汇发展,000895.SZ,20131113,43.44,26.3956,2.2155,1.5539,220057.8448,9559312.7781
双汇发展,000895.SZ,20131112,44.8,27.222,2.2848,1.5067,220057.8448,9858591.447
双汇发展,000895.SZ,20131111,43.95,26.7055,2.2415,1.5358,220057.8448,9671542.279
双汇发展,000895.SZ,20131108,42.98,26.1161,2.192,1.5705,220057.8448,9458086.1695
双汇发展,000895.SZ,20131107,42.98,26.1161,2.192,1.5705,220057.8448,9458086.1695
双汇发展,000895.SZ,20131106,44.0,26.7359,2.244,1.5341,220057.8448,9682545.1712
双汇发展,000895.SZ,20131105,45.4,27.5866,2.3154,1.4868,220057.8448,9990626.1539
双汇发展,000895.SZ,20131104,45.28,27.5136,2.3093,1.4907,220057.8448,9964219.2125
双汇发展,000895.SZ,20131101,45.99,27.9451,2.3455,1.4677,220057.8448,10120460.2824
双汇发展,000895.SZ,20131031,45.15,27.4347,2.3027,1.495,220057.8448,9935611.6927
双汇发展,000895.SZ,20131030,46.64,28.34,2.3787,1.4473,220057.8448,10263497.8815
双汇发展,000895.SZ,20131029,46.43,24.4991,2.5378,1.4538,220057.8448,10217285.7341
双汇发展,000895.SZ,20131028,47.05,24.8262,2.5717,1.4346,220057.8448,10353721.5978
双汇发展,000895.SZ,20131025,46.53,24.5518,2.5432,1.4507,220057.8448,10239291.5185
双汇发展,000895.SZ,20131024,47.71,25.1745,2.6077,1.4148,220057.8448,10498959.7754
双汇发展,000895.SZ,20131023,47.99,25.3222,2.623,1.4065,220057.8448,10560575.972
双汇发展,000895.SZ,20131022,49.55,26.1454,2.7083,1.3623,220057.8448,10903866.2098
双汇发展,000895.SZ,20131021,50.0,26.3828,2.7329,1.35,220057.8448,11002892.24
双汇发展,000895.SZ,20131018,46.75,24.6679,2.5553,1.4439,220057.8448,10287704.2444
双汇发展,000895.SZ,20131017,46.74,24.6626,2.5547,1.4442,220057.8448,10285503.666
双汇发展,000895.SZ,20131016,47.28,24.9476,2.5842,1.4277,220057.8448,10404334.9021
双汇发展,000895.SZ,20131015,48.3,25.4858,2.64,1.3975,220057.8448,10628793.9038
双汇发展,000895.SZ,20131014,48.7,25.6969,2.6618,1.386,220057.8448,10716817.0418
双汇发展,000895.SZ,20131011,47.91,25.28,2.6187,1.4089,220057.8448,10542971.3444
双汇发展,000895.SZ,20131010,46.29,24.4252,2.5301,1.4582,220057.8448,10186477.6358
双汇发展,000895.SZ,20131009,45.76,24.1455,2.5012,1.4751,220057.8448,10069846.978
双汇发展,000895.SZ,20131008,46.0,24.2722,2.5143,1.4674,220057.8448,10122660.8608
双汇发展,000895.SZ,20130930,46.45,24.5096,2.5389,1.4532,220057.8448,10221686.891
双汇发展,000895.SZ,20130927,46.53,24.5518,2.5432,1.4507,220057.8448,10239291.5185
双汇发展,000895.SZ,20130926,47.13,24.8684,2.576,1.4322,220057.8448,10371326.2254
双汇发展,000895.SZ,20130925,45.5,24.0084,2.4869,1.4835,220057.8448,10012631.9384
双汇发展,000895.SZ,20130924,45.68,24.1033,2.4968,1.4777,220057.8448,10052242.3505
双汇发展,000895.SZ,20130923,42.61,22.4834,2.329,1.5841,220057.8448,9376664.7669
双汇发展,000895.SZ,20130918,40.3,21.2645,2.2027,1.6749,220057.8448,8868331.1454
双汇发展,000895.SZ,20130917,41.48,21.8872,2.2672,1.6273,220057.8448,9127999.4023
双汇发展,000895.SZ,20130916,41.6,21.9505,2.2738,1.6226,220057.8448,9154406.3437
双汇发展,000895.SZ,20130913,41.16,21.7183,2.2497,1.6399,220057.8448,9057580.892
双汇发展,000895.SZ,20130912,39.57,20.8794,2.1628,1.7058,220057.8448,8707688.9187
双汇发展,000895.SZ,20130911,40.2,21.2118,2.1973,1.6791,220057.8448,8846325.361
双汇发展,000895.SZ,20130910,40.1,21.159,2.1918,1.6833,220057.8448,8824319.5765
双汇发展,000895.SZ,20130909,40.43,21.3331,2.2098,1.6696,220057.8448,8896938.6653
双汇发展,000895.SZ,20130906,39.18,20.6736,2.1415,1.7228,220057.8448,8621866.3593
双汇发展,000895.SZ,20130905,39.57,20.8794,2.1628,1.7058,220057.8448,8707688.9187
双汇发展,000895.SZ,20130904,39.29,20.7316,2.1475,1.718,220057.8448,8646072.7222
双汇发展,000895.SZ,20130903,38.33,20.2251,2.095,1.761,220057.8448,8434817.1912
双汇发展,000895.SZ,20130902,37.41,19.7396,2.0448,1.8043,220057.8448,8232363.974
双汇发展,000895.SZ,20130830,36.98,19.5127,2.0213,1.8253,220057.8448,8137739.1007
双汇发展,000895.SZ,20130829,36.93,19.4863,2.0185,1.8278,220057.8448,8126736.2085
双汇发展,000895.SZ,20130828,37.33,19.6974,2.0404,1.8082,220057.8448,8214759.3464
双汇发展,000895.SZ,20130827,37.74,19.9137,2.0628,1.7886,220057.8448,8304983.0628
双汇发展,000895.SZ,20130826,37.74,19.9137,2.0628,1.7886,220057.8448,8304983.0628
双汇发展,000895.SZ,20130823,37.6,19.8399,2.0551,1.7952,220057.8448,8274174.9645
双汇发展,000895.SZ,20130822,37.86,19.9771,2.0694,1.7829,220057.8448,8331390.0041
双汇发展,000895.SZ,20130821,38.6,20.3675,2.1098,1.7487,220057.8448,8494232.8093
双汇发展,000895.SZ,20130820,38.5,20.3148,2.1043,1.7532,220057.8448,8472227.0248
双汇发展,000895.SZ,20130819,37.62,19.8504,2.0562,1.7943,220057.8448,8278576.1214
双汇发展,000895.SZ,20130816,37.3,19.6816,2.0387,1.8097,220057.8448,8208157.611
双汇发展,000895.SZ,20130815,37.8,19.9454,2.0661,1.7857,220057.8448,8318186.5334
双汇发展,000895.SZ,20130814,37.94,20.0193,2.0737,1.7791,220057.8448,8348994.6317
双汇发展,000895.SZ,20130813,38.51,20.32,2.1049,1.7528,220057.8448,8474427.6032
双汇发展,000895.SZ,20130812,38.89,20.5205,2.1257,1.7357,220057.8448,8558049.5843
双汇发展,000895.SZ,20130809,38.68,20.4097,2.1142,1.7451,220057.8448,8511837.4369
双汇发展,000895.SZ,20130808,37.78,19.9348,2.065,1.7867,220057.8448,8313785.3765
双汇发展,000895.SZ,20130807,38.0,20.0509,2.077,1.7763,220057.8448,8362198.1024
双汇发展,000895.SZ,20130806,38.28,24.3834,2.1299,1.7633,220057.8448,8423814.2989
双汇发展,000895.SZ,20130805,39.39,25.0905,2.1916,1.7136,220057.8448,8668078.5067
双汇发展,000895.SZ,20130802,39.05,24.8739,2.1727,1.7286,220057.8448,8593258.8394
双汇发展,000895.SZ,20130801,39.9,25.4153,2.22,1.6917,220057.8448,8780308.0075
双汇发展,000895.SZ,20130731,40.05,25.5109,2.2283,1.6854,220057.8448,8813316.6842
双汇发展,000895.SZ,20130730,41.0,26.116,2.2812,1.6463,220057.8448,9022371.6368
双汇发展,000895.SZ,20130729,40.15,25.5746,2.2339,1.6812,220057.8448,8835322.4687
双汇发展,000895.SZ,20130726,40.65,25.8931,2.2617,1.6605,220057.8448,8945351.3911
双汇发展,000895.SZ,20130725,41.69,26.5555,2.3196,1.6191,220057.8448,9174211.5497
双汇发展,000895.SZ,20130724,42.28,26.9313,2.3524,1.5965,220057.8448,9304045.6781
双汇发展,000895.SZ,20130723,40.86,26.0268,2.2734,1.652,220057.8448,8991563.5385
双汇发展,000895.SZ,20130722,39.67,25.2688,2.2072,1.7015,220057.8448,8729694.7032
双汇发展,000895.SZ,20130719,40.1,25.5427,2.2311,1.6833,220057.8448,8824319.5765
双汇发展,000895.SZ,20130718,40.95,26.0842,2.2784,1.6484,220057.8448,9011368.7446
双汇发展,000895.SZ,20130717,41.47,26.4154,2.3073,1.6277,220057.8448,9125798.8239
双汇发展,000895.SZ,20130716,42.25,26.9122,2.3507,1.5976,220057.8448,9297443.9428
双汇发展,000895.SZ,20130715,42.53,27.0906,2.3663,1.5871,220057.8448,9359060.1393
双汇发展,000895.SZ,20130712,42.3,26.9441,2.3535,1.5957,220057.8448,9308446.835
双汇发展,000895.SZ,20130711,42.03,26.7721,2.3385,1.606,220057.8448,9249031.2169
双汇发展,000895.SZ,20130710,41.86,26.6638,2.329,1.6125,220057.8448,9211621.3833
双汇发展,000895.SZ,20130709,41.66,26.5364,2.3179,1.6203,220057.8448,9167609.8144
双汇发展,000895.SZ,20130708,41.0,26.116,2.2812,1.6463,220057.8448,9022371.6368
双汇发展,000895.SZ,20130705,42.16,26.8549,2.3457,1.601,220057.8448,9277638.7368
双汇发展,000895.SZ,20130704,41.5,26.4345,2.309,1.6265,220057.8448,9132400.5592
双汇发展,000895.SZ,20130703,42.45,27.0396,2.3619,1.5901,220057.8448,9341455.5118
双汇发展,000895.SZ,20130702,42.26,26.9186,2.3513,1.5973,220057.8448,9299644.5212
双汇发展,000895.SZ,20130701,40.5,25.7975,2.2534,1.6667,220057.8448,8912342.7144
双汇发展,000895.SZ,20130628,38.44,24.4853,2.1388,1.756,220057.8448,8459023.5541
双汇发展,000895.SZ,20130627,38.02,24.2178,2.1154,1.7754,220057.8448,8366599.2593
双汇发展,000895.SZ,20130626,38.51,24.5299,2.1427,1.7528,220057.8448,8474427.6032
双汇发展,000895.SZ,20130625,37.85,24.1095,2.1059,1.7834,220057.8448,8329189.4257
双汇发展,000895.SZ,20130624,38.32,24.4089,2.1321,1.7615,220057.8448,8432616.6127
双汇发展,000895.SZ,20130621,40.07,25.5236,2.2294,1.6846,220057.8448,8817717.8411
双汇发展,000895.SZ,20130620,40.64,25.8867,2.2612,1.6609,220057.8448,8943150.8127
双汇发展,000895.SZ,20130619,41.18,26.2307,2.2912,1.6391,220057.8448,9061982.0489
双汇发展,000895.SZ,20130618,41.06,26.1542,2.2845,1.6439,220057.8448,9035575.1075
双汇发展,000895.SZ,20130617,41.08,26.167,2.2856,1.6431,220057.8448,9039976.2644
双汇发展,000895.SZ,20130614,39.47,25.1414,2.1961,1.7102,220057.8448,8685683.1343
双汇发展,000895.SZ,20130613,39.02,24.8548,2.171,1.7299,220057.8448,8586657.1041
双汇发展,000895.SZ,20130607,39.99,25.4727,2.225,1.6879,220057.8448,8800113.2136
双汇发展,000895.SZ,20130606,40.95,26.0842,2.2784,1.6484,220057.8448,9011368.7446
双汇发展,000895.SZ,20130605,41.29,26.3007,2.2973,1.6348,220057.8448,9086188.4118
双汇发展,000895.SZ,20130604,41.38,26.3581,2.3023,1.6312,220057.8448,9105993.6178
双汇发展,000895.SZ,20130603,41.09,26.1733,2.2862,1.6427,220057.8448,9042176.8428
双汇发展,000895.SZ,20130531,41.03,26.1351,2.2829,1.6451,220057.8448,9028973.3721
双汇发展,000895.SZ,20130530,42.86,27.3008,2.3847,1.5749,220057.8448,9431679.2281
双汇发展,000895.SZ,20130529,39.42,25.1096,2.1933,1.7123,220057.8448,8674680.242
双汇发展,000895.SZ,20130528,38.85,24.7465,2.1616,1.7375,220057.8448,8549247.2705
双汇发展,000895.SZ,20130527,39.29,25.0268,2.1861,1.718,220057.8448,8646072.7222
双汇发展,000895.SZ,20130524,38.3,24.3962,2.131,1.7624,220057.8448,8428215.4558
双汇发展,000895.SZ,20130523,38.24,24.358,2.1276,1.7652,220057.8448,8415011.9852
双汇发展,000895.SZ,20130522,38.99,24.8357,2.1694,1.7312,220057.8448,8580055.3688
双汇发展,000895.SZ,20130521,38.95,24.8102,2.1671,1.733,220057.8448,8571253.055
双汇发展,000895.SZ,20130520,39.0,24.8421,2.1699,1.7308,220057.8448,8582255.9472
双汇发展,000895.SZ,20130517,40.1,25.5427,2.2311,1.6833,220057.8448,8824319.5765
双汇发展,000895.SZ,20130516,39.46,25.1351,2.1955,1.7106,220057.8448,8683482.5558
双汇发展,000895.SZ,20130515,39.58,25.2115,2.2022,1.7054,220057.8448,8709889.4972
双汇发展,000895.SZ,20130514,38.84,24.7401,2.161,1.7379,220057.8448,8547046.692
双汇发展,000895.SZ,20130513,40.1,25.5427,2.2311,1.6833,220057.8448,8824319.5765
双汇发展,000895.SZ,20130510,40.46,25.772,2.2511,1.6683,220057.8448,8903540.4006
双汇发展,000895.SZ,20130509,41.5,26.4345,2.309,1.6265,220057.8448,9132400.5592
双汇发展,000895.SZ,20130508,41.03,26.1351,2.2829,1.6451,220057.8448,9028973.3721
双汇发展,000895.SZ,20130507,41.15,26.2116,2.2895,1.6403,220057.8448,9055380.3135
双汇发展,000895.SZ,20130506,42.49,27.0651,2.3641,1.5886,220057.8448,9350257.8256
双汇发展,000895.SZ,20130503,40.92,26.065,2.2767,2.0197,220057.8448,9004767.0092
